2 0.42282753125 0.41987183593750005 0.37919936718749997 0.40497784843750007 0.3775743671875 0.43790664531249995 0.41543354375 0.4474493671875 0.42282753125 0.41987183593750005
2 0.1533908234375 0.625436709375 0.133860759375 0.64577848125 0.14963132968749998 0.66357595 0.171447784375 0.6482515828125 0.1533908234375 0.625436709375
2 0.45802057031250004 0.75328955625 0.42131962031250003 0.7583322781249999 0.427678796875 0.7738718359375001 0.45705379687500003 0.7734620249999999 0.45802057031250004 0.75328955625
2 0.4128449359375 0.752909809375 0.3858686703125 0.75722151875 0.3993560125 0.7733908234375 0.4244050640625 0.7730300640625 0.4128449359375 0.752909809375
2 0.0771123421875 0.5415981015625 0.050715190624999996 0.5378275312499999 0.0528876578125 0.5622705703124999 0.08329113906249999 0.5679920890625 0.0771123421875 0.5415981015625
2 0.5048781640625 0.393287975 0.4644398734375 0.3911930375 0.4822800640625 0.422080696875 0.5149889234375 0.4188433546875 0.5048781640625 0.393287975
2 0.343283228125 0.554110759375 0.3723291140625 0.55458544375 0.367273734375 0.531962025 0.3363829109375 0.531542721875 0.343283228125 0.554110759375
2 0.4863433546875 0.329188290625 0.46331645625 0.3300253171875 0.4570205703125 0.3598449359375 0.48971360781250006 0.3618670890625 0.4863433546875 0.329188290625
2 0.43579588593749996 0.2831028484375 0.44860126562499997 0.28943512656250003 0.47791930312500003 0.29734651875 0.4925221515625 0.2801708859375 0.45601424062499996 0.27095253124999996 0.43579588593749996 0.2831028484375
2 0.226966771875 0.23366613906249997 0.2247199359375 0.23450474687499998 0.2483101265625 0.232409809375 0.2455015828125 0.216071203125 0.21404905 0.216071203125 0.226966771875 0.23366613906249997
2 0.5301424046875 0.2523813296875 0.513212025 0.2259446203125 0.4730031640625 0.1878781640625 0.44231803750000004 0.184705696875 0.430678796875 0.215370253125 0.49416613906249995 0.2544968359375 0.53331645625 0.27247310156250004 0.5301424046875 0.2523813296875
2 0.39569462031249997 0.33599683593749996 0.42320569687500004 0.32542246874999997 0.405216771875 0.29264082343750003 0.383821203125 0.3132610765625 0.39569462031249997 0.33599683593749996
2 0.2994731015625 0.1582689875 0.3132294296875 0.19316455625 0.3383971515625 0.1862911390625 0.36613449375 0.1857626578125 0.37354113906249997 0.176245253125 0.330158228125 0.1487515828125 0.2994731015625 0.1582689875