2 0.5581921875 0.37910468750000004 0.54876875 0.41649062499999995 0.5760015625 0.4237921875 0.590709375 0.380709375 0.5581921875 0.37910468750000004
2 0.33534375 0.1540109375 0.35047656250000003 0.1755546875 0.37300625 0.1577234375 0.35291875 0.1384375 0.33534375 0.1540109375
2 0.2264265625 0.4285828125 0.22683124999999998 0.45759062500000003 0.2467515625 0.45854531249999997 0.24177187500000002 0.422303125 0.2264265625 0.4285828125
2 0.22690156250000001 0.4006140625 0.2272578125 0.42535 0.2471265625 0.413934375 0.24286875000000002 0.3872953125 0.22690156250000001 0.4006140625
2 0.4353828125 0.058476562499999996 0.4297328125 0.0885 0.455796875 0.0823984375 0.4595203125 0.05633125 0.4353828125 0.058476562499999996
2 0.5738203125 0.4825015625 0.5770171875 0.5148015625 0.6022531250000001 0.5048171875 0.604321875 0.464884375 0.5738203125 0.4825015625
2 0.4653125 0.3689328125 0.4657265625 0.33842812499999997 0.44344062500000003 0.3452421875 0.442971875 0.373925 0.4653125 0.3689328125
2 0.6352781249999999 0.4575578125 0.63328125 0.4898421875 0.6655515624999999 0.48651406250000007 0.664725 0.46377499999999994 0.6352781249999999 0.4575578125
2 0.723059375 0.45656406250000003 0.7110609375 0.4365984375 0.7048078125 0.44924375000000005 0.6969953125 0.4781953125 0.7139562500000001 0.492615625 0.723059375 0.45656406250000003
2 0.7772546874999999 0.2176234375 0.7598796875 0.2303796875 0.7590515625 0.2281609375 0.7611203125 0.25145625 0.7772546874999999 0.24868281250000002 0.7772546874999999 0.2176234375
2 0.7675046875 0.513046875 0.8050953125 0.47334062499999996 0.808228125 0.4430390625 0.777946875 0.43154531250000006 0.739309375 0.4942390625 0.7215578125000001 0.5328999999999999 0.7413984375 0.529765625 0.7675046875 0.513046875
2 0.7016421875 0.4064015625 0.6812796875 0.3852734375 0.658828125 0.3969984375 0.6692703125 0.424165625 0.7016421875 0.4064015625
2 0.8343343750000001 0.3019796875 0.799875 0.3155640625 0.8066625000000001 0.3404171875 0.807184375 0.3678078125 0.8165828125000001 0.375121875 0.8437328125000001 0.33228125 0.8343343750000001 0.3019796875