2 0.24469898906249998 0.4880940671875 0.29643487031250004 0.4824906484375 0.30585094375 0.4558891375 0.252338165625 0.44951647812499995 0.24469898906249998 0.4880940671875
2 0.3794847765625 0.519790334375 0.41601704218749996 0.520750965625 0.41869517968750003 0.49653279687499996 0.37334022031249997 0.4968745 0.3794847765625 0.519790334375
2 0.2905723953125 0.40234442656249997 0.33081883125 0.41306093906249997 0.3422527640625 0.38283718125 0.29634662343749996 0.3662099171875 0.2905723953125 0.40234442656249997
3 0 0.63052145625 0.0138892625 0.64859875 0.0396090171875 0.6319170046875 0.02263035 0.606758534375 0 0.6278460734375 0 0.63052145625
2 0.3045882875 0.7714426421875 0.336764065625 0.771180396875 0.34026999999999996 0.7490438984375001 0.2995198203125 0.7543447578125 0.3045882875 0.7714426421875
2 0.2736714015625 0.7707337796875 0.30111014062499997 0.7704977484375 0.2909096671875 0.7483385671875 0.2608836390625 0.752899121875 0.2736714015625 0.7707337796875
2 0.41851617812499997 0.394586046875 0.386570925 0.4043040203125 0.408488815625 0.42236230937499997 0.42020716875 0.42280960624999997 0.44059372343750003 0.40521905937499997 0.41851617812499997 0.394586046875
2 0.4070050328125 0.38564144375 0.4431701125 0.382296796875 0.43521448281249997 0.3541809078125 0.39124335 0.3516231203125 0.4070050328125 0.38564144375
2 0.26789023125 0.5055202296875 0.2341573109375 0.5048627031249999 0.2389644515625 0.5296789828125 0.2706729296875 0.5303855140625 0.26789023125 0.5055202296875
2 0.38693438125 0.3171659328125 0.4224437359375 0.3195943625 0.42272454687499994 0.2837023703125 0.39743952656250003 0.2844740953125 0.38693438125 0.3171659328125
2 0.37303725 0.23279305468749997 0.38627324375 0.23982557031249999 0.417376659375 0.248696878125 0.43543195 0.22993698906249999 0.39662395781250004 0.21958515625000002 0.37303725 0.23279305468749997
2 0.3168586625 0.28430249218750003 0.35321237031249997 0.28421584375000003 0.3471562453125 0.2611736578125 0.3163423984375 0.2619131 0.3168586625 0.28430249218750003
2 0.1506516765625 0.17719436718749998 0.1480926265625 0.17810053125 0.1741463828125 0.175951634375 0.1730580640625 0.15799933125 0.138659934375 0.157798475 0.1506516765625 0.17719436718749998
2 0.051505978125 0.5175224015625 0.072884646875 0.517329190625 0.07859882500000001 0.493434628125 0.0558726609375 0.4933019265625 0.051505978125 0.5175224015625
2 0.39211409375 0.12482729687500001 0.375662615625 0.1584124734375 0.44034632812499996 0.201765903125 0.48098112187500003 0.22174789218750002 0.4799486421875 0.19967352656249998 0.4646416984375 0.170546678125 0.42528786093750004 0.128505571875 0.39211409375 0.12482729687500001
2 0.3064911640625 0.1765923390625 0.28058887499999996 0.199089896875 0.29081449843749996 0.2241220375 0.3221856109375 0.21269058125 0.3064911640625 0.1765923390625
2 0.3179230546875 0.11510132656250001 0.27381453906250003 0.0846453609375 0.2391004203125 0.09489635468749999 0.24990928281250002 0.1332879515625 0.27826834218749996 0.1259039453125 0.30866749531250004 0.12550098125 0.3179230546875 0.11510132656250001