2 0.6015740890625 0.49113637343749994 0.552589065625 0.5039562390625 0.5484230796875 0.5303290953124999 0.601349703125 0.5285039328125001 0.6015740890625 0.49113637343749994
2 0.46536006875 0.481031534375 0.42985732031249996 0.485463075 0.43176401093749994 0.5086124171875 0.4755559625 0.5016687984375 0.46536006875 0.481031534375
2 0.57313745 0.57841521875 0.5322320796875 0.57422129375 0.5267874546875 0.60429268125 0.574262775 0.6132146609375 0.57313745 0.57841521875
3 0.7949536796875 0.3066052203125 0.7731813859375001 0.32603686249999997 0.7942695453125 0.3471996296875 0.8131876828125 0.32285499687499997 0.7949536796875 0.3066052203125
2 0.4910591375 0.23361285625 0.4599958734375 0.23855744687499997 0.4607156625 0.25987147187500004 0.49913437656250004 0.24894000312500003 0.4910591375 0.23361285625
2 0.5210854281249999 0.2297646546875 0.494597715625 0.23399292656249998 0.5085749484375001 0.253326925 0.536761525 0.24465702656250002 0.5210854281249999 0.2297646546875
2 0.4508642671875 0.6043876578125 0.47994910312499994 0.59059099375 0.45540322499999997 0.5768216078124999 0.44398927343750005 0.57811233125 0.4275425734375 0.5976192640625 0.4508642671875 0.6043876578125
2 0.9061288453125 0.3980288765625 0.873446884375 0.396698390625 0.882269190625 0.42344199375 0.9105411359375 0.423341221875 0.9061288453125 0.3980288765625
2 0.4636554515625 0.6111122765625 0.42930705312499995 0.6195359578125 0.44221957031250003 0.6447953734375 0.4852117625 0.6407785234375 0.4636554515625 0.6111122765625
2 0.5759143203125 0.4781469359375 0.6086540046875 0.473839309375 0.5993984765625 0.451220875 0.568607203125 0.45518685156250005 0.5759143203125 0.4781469359375
2 0.4957754953125 0.6725294484375001 0.46098932656249997 0.6754323109375 0.46738141562499996 0.7092017312500001 0.4916871625 0.704784528125 0.4957754953125 0.6725294484375001
2 0.5248775984375 0.7497871218750001 0.5107735875 0.745111184375 0.47905151718749994 0.741316209375 0.4650761 0.7615815953125 0.50452288125 0.7656428609375 0.5248775984375 0.7497871218750001
2 0.569635646875 0.69317975625 0.534499984375 0.698569375 0.54463383125 0.7193382875000001 0.5742915984375 0.7141441296875 0.569635646875 0.69317975625
2 0.7502327578125 0.7695626359375 0.7525389625 0.7683374359374999 0.72774558125 0.774161040625 0.7321308953125001 0.7908722640625 0.7654290109375 0.7860383640624999 0.7502327578125 0.7695626359375
2 0.7829159796875 0.43527287187499997 0.7622800234375 0.43857604375000003 0.7611909781249999 0.4618645953125 0.7831903828125 0.4586709328125 0.7829159796875 0.43527287187499997
2 0.5264761359375 0.8540301875 0.53614834375 0.82006736875 0.4655543765625 0.788772096875 0.42255328593749997 0.7759279234375 0.4276499 0.7965208828125 0.44785836406249996 0.8216569140625 0.493716290625 0.855417515625 0.5264761359375 0.8540301875
2 0.5996575562500001 0.79288330625 0.6205265984375 0.7679597765625 0.6059916609375 0.7459296765625 0.57778010625 0.761252703125 0.5996575562500001 0.79288330625
2 0.6000199 0.85233685625 0.6483244328125 0.8745164203125 0.6799876296875 0.8598145671875 0.6624084546875 0.82531548125 0.636357925 0.8363952328125001 0.60703866875 0.8412126453125 0.6000199 0.85233685625