2 0.3744847453125 0.39771864375 0.3904389828125 0.4444525421875 0.41997966093750005 0.43653220312499996 0.40975762656250003 0.395977965625 0.3744847453125 0.39771864375
2 0.63242711875 0.1349152546875 0.6106372875 0.15583559375 0.635076271875 0.17517796562500002 0.651491525 0.151808475 0.63242711875 0.1349152546875
2 0.7529932203125 0.4428372875 0.747591525 0.48215084687500004 0.7692 0.48111525468750005 0.7696389828125 0.44964915312500003 0.7529932203125 0.4428372875
2 0.7518033890625 0.40486271250000005 0.7471847453125 0.43375932187500005 0.7687372875 0.44614237343749996 0.7691237281250001 0.41931016874999993 0.7518033890625 0.40486271250000005
2 0.516791525 0.045850846875000004 0.5208305078125 0.07412711875 0.5491033890625 0.0807457625 0.5429745765625 0.048177965625 0.516791525 0.045850846875000004
2 0.35971864375 0.48902711875 0.3619627125 0.5323440671874999 0.38933728749999996 0.5431745765625 0.392805084375 0.5081372875 0.35971864375 0.48902711875
2 0.5347423734375 0.390359321875 0.5342338984375 0.3592457625 0.510059321875 0.3518542375 0.510508475 0.3849440671875 0.5347423734375 0.390359321875
2 0.2941966109375 0.48782372812499997 0.2933 0.51248983125 0.328305084375 0.5161 0.3261389828125 0.4810796609375 0.2941966109375 0.48782372812499997
2 0.2407932203125 0.519108475 0.259191525 0.5034661015624999 0.2507169484375 0.47206101718750004 0.2439338984375 0.4583440671875 0.23091864375 0.4800016953125 0.2407932203125 0.519108475
2 0.1721305078125 0.25450338906250003 0.189632203125 0.2575118640625 0.191876271875 0.2322423734375 0.190977965625 0.23464915312499998 0.1721305078125 0.2208118640625 0.1721305078125 0.25450338906250003
2 0.21102542343750003 0.5594067796875 0.23254745781250002 0.5628067796875 0.21329152499999998 0.5208694921875 0.17137966093749998 0.4528627125 0.138532203125 0.4653305078125 0.1419305078125 0.49820000000000003 0.1827067796875 0.5412711859375 0.21102542343750003 0.5594067796875
2 0.2892661015625 0.44485762656250005 0.3005932203125 0.4153881359375 0.2762389828125 0.40266949218750003 0.254150846875 0.42558813593749995 0.2892661015625 0.44485762656250005
2 0.10001864375 0.345186440625 0.12946949218749998 0.39165762656249997 0.13966440625 0.383723728125 0.1402305078125 0.35401186406249996 0.1475932203125 0.3270525421875 0.11021355937499999 0.3123169484375 0.10001864375 0.345186440625