1 0.4751953125 0.41977343749999996 0.47977499999999995 0.37172499999999997 0.44383906250000005 0.3786109375 0.4147171875 0.38839843749999997 0.40025781250000003 0.4291046875 0.440925 0.447021875 0.45989531250000004 0.46047343749999997 0.4751953125 0.41977343749999996
2 0.5507921875 0.43711406249999996 0.53668125 0.38261875 0.47996249999999996 0.3936078125 0.4842671875 0.42885625000000005 0.5084578125 0.45115 0.5507921875 0.43711406249999996
2 0.4678625 0.44559375 0.45705156249999995 0.46766406250000003 0.4862828125 0.48252656250000003 0.50745 0.461884375 0.4678625 0.44559375
2 0.3786265625 0.436928125 0.3764140625 0.468490625 0.41169218750000003 0.4783984375 0.428828125 0.4420671875 0.3786265625 0.436928125
2 0.2816640625 0.6005234374999999 0.2636765625 0.612690625 0.2736015625 0.636853125 0.32569375 0.6456875 0.3464359375 0.6075437499999999 0.2816640625 0.6005234374999999
2 0.3350875 0.6376796875 0.3350875 0.6616234375000001 0.377421875 0.650890625 0.3713734375 0.6236421875 0.3350875 0.6376796875
2 0.445175 0.5359499999999999 0.439915625 0.56501875 0.472171875 0.56584375 0.48124218750000003 0.5385953125 0.445175 0.5359499999999999
2 0.3892140625 0.5904109375 0.39657343749999996 0.6170359375000001 0.417740625 0.6244671875 0.42378906250000004 0.6005234374999999 0.3892140625 0.5904109375
2 0.427025 0.6498234375 0.42681250000000004 0.6707062500000001 0.46007499999999996 0.66988125 0.4590671875 0.6533671875 0.427025 0.6498234375
2 0.3552953125 0.5383203125 0.39448125 0.5078406249999999 0.38260625 0.483521875 0.3470625 0.49383906250000004 0.329565625 0.51724375 0.3552953125 0.5383203125
2 0.43007656250000004 0.5445578125 0.4828328125 0.5261953125 0.4759515625 0.4795265625 0.42701874999999995 0.464990625 0.3314453125 0.5629187499999999 0.3796140625 0.62795 0.43007656250000004 0.5445578125
2 0.44237656249999996 0.674121875 0.411503125 0.6731484375 0.41239687500000005 0.6746546875 0.41783593750000003 0.703628125 0.44989687500000003 0.6994125 0.44237656249999996 0.674121875
2 0.355971875 0.662503125 0.369940625 0.6867671875 0.3940859375 0.6815781249999999 0.381815625 0.65920625 0.355971875 0.662503125
2 0.2953890625 0.3903078125 0.3021953125 0.407871875 0.32673593749999996 0.407871875 0.3188203125 0.38063437499999997 0.2953890625 0.3903078125
2 0.5103859374999999 0.32449218750000003 0.52471875 0.3532046875 0.55886875 0.36186250000000003 0.567 0.3285609375 0.5103859374999999 0.32449218750000003
2 0.561584375 0.6027750000000001 0.53711875 0.594359375 0.5317671875000001 0.6180765625 0.550115625 0.620371875 0.561584375 0.6027750000000001
2 0.50500625 0.594359375 0.4767171875 0.5698765625 0.46371874999999996 0.598184375 0.4927734375 0.607365625 0.50500625 0.594359375
2 0.3283875 0.48418906249999993 0.3475015625 0.48801562499999995 0.3712046875 0.4765390625 0.36967500000000003 0.45741250000000006 0.35820625 0.44440625 0.3283875 0.435225 0.29933437500000004 0.44995624999999995 0.3046859375 0.4688890625 0.3230359375 0.46659375000000003 0.3283875 0.48418906249999993
2 0.5355890624999999 0.5507500000000001 0.5195328124999999 0.5453953125 0.51418125 0.516321875 0.4927734375 0.49949062499999997 0.48512656249999997 0.5132625 0.48971406249999994 0.5415703125 0.4973609375 0.5545765625 0.5080640625 0.561203125 0.5302374999999999 0.572171875 0.5493515625 0.568346875 0.553175 0.560696875 0.5355890624999999 0.5507500000000001
2 0.388025 0.1269765625 0.36967500000000003 0.12927187499999998 0.3738796875 0.150621875 0.3864953125 0.159109375 0.4109625 0.15605 0.4109625 0.142278125 0.388025 0.1269765625
2 0.3528546875 0.7832578125 0.34673750000000003 0.7641312499999999 0.3291515625 0.7584640625 0.3071953125 0.7763312499999999 0.3207421875 0.7916734375 0.3383265625 0.7924390625 0.3528546875 0.7832578125
2 0.4476625 0.5743953125 0.43848750000000003 0.5613890625 0.4151671875 0.5669375 0.41402031250000004 0.58128125 0.43160625 0.5904609375 0.4476625 0.5743953125
2 0.2519296875 0.62343125 0.264928125 0.6096609374999999 0.27563125 0.6012453125 0.30697968750000004 0.59741875 0.3100375 0.58211875 0.2871 0.5629921875 0.2825125 0.5400390625 0.276396875 0.52244375 0.26263437500000003 0.50790625 0.2332 0.4668046875 0.18555 0.46399999999999997 0.1524765625 0.5200921875 0.17317812500000002 0.5415703125 0.189234375 0.5600562499999999 0.2175234375 0.585178125 0.23281562500000003 0.6050703125 0.2519296875 0.62343125
2 0.49947187499999995 0.6395171875 0.4910640625 0.624371875 0.46807968750000006 0.614275 0.46079218749999995 0.6267234375 0.46471718749999996 0.6400781249999999 0.48601875000000005 0.6428828125 0.49947187499999995 0.6395171875