1 0.46783833281250004 0.460555 0.45349000000000006 0.44032 0.43437833281250005 0.3969416671875 0.39095833281250003 0.412365 0.3805183328125 0.4434283328125 0.3731733328125 0.48175999999999997 0.424425 0.476875 0.46783833281250004 0.460555
2 0.4578933328125 0.512355 0.43411333281250003 0.4865516671875 0.396515 0.48196000000000006 0.3847933328125 0.5424599999999999 0.44292166718750003 0.5575116671875 0.4578933328125 0.512355
2 0.46934333281249996 0.51128 0.4913616671875 0.4887016671875 0.4755083328125 0.45752166718750004 0.4519666671875 0.46905333281250006 0.46934333281249996 0.51128
2 0.448205 0.42741666718750004 0.48695833281249995 0.40913833281249995 0.47639 0.3715083328125 0.44272333281250004 0.3738683328125 0.448205 0.42741666718750004
2 0.6247133328125 0.3395316671875 0.6654 0.3174066671875 0.6559766671875 0.2618416671875 0.6302033328125 0.251255 0.617225 0.27044166718749996 0.6247133328125 0.3395316671875
2 0.641885 0.3661316671875 0.67095 0.3725833328125 0.6823983328125001 0.3274266671875 0.6568583328125001 0.3274266671875 0.641885 0.3661316671875
2 0.5511683328125 0.48332499999999995 0.5802333328125 0.47365 0.5793533328125 0.43924333281249994 0.5483466671875 0.44485333281250006 0.5511683328125 0.48332499999999995
2 0.617225 0.4220416671875 0.642765 0.41559 0.6348383328125 0.3930116671875 0.6064383328125 0.3851616671875 0.617225 0.4220416671875
2 0.6735916671875 0.45967166718749997 0.6912066671875 0.46074666718749996 0.6920866671875 0.42526666718749995 0.6698116671875 0.4254933328125 0.6735916671875 0.45967166718749997
2 0.5283933328125 0.3215366671875 0.5034283328125 0.3402 0.4924233328125 0.37811333281250004 0.5183633328125 0.39078 0.550875 0.3489816671875 0.5283933328125 0.3215366671875
2 0.64648 0.37492166718750003 0.5771133328125 0.3235416671875 0.4726566671875 0.4254866671875 0.48816166718750004 0.47768166718750005 0.5379416671875 0.48502166718749995 0.5575283328125 0.4287483328125 0.64648 0.37492166718750003
2 0.7227066671875 0.44989 0.7272033328124999 0.4156916671875 0.6962983328125001 0.40989000000000003 0.6946916671875 0.4089366671875 0.69573 0.4418683328125 0.7227066671875 0.44989
2 0.67982 0.37727 0.7036833328125 0.3903583328125 0.7092183328125 0.3646033328125 0.6833366671875 0.3497033328125 0.67982 0.37727
2 0.38267666718750004 0.310075 0.41173000000000004 0.31851833281249997 0.41173000000000004 0.2923416671875 0.392995 0.2850816671875 0.38267666718750004 0.310075
2 0.32713166718750003 0.5748 0.3626533328125 0.5661266671875 0.3534183328125 0.5297 0.3227916671875 0.5144116671875001 0.32713166718750003 0.5748
2 0.6383966671875 0.55679 0.6359483328125 0.5372183328125 0.6106499999999999 0.5429266671875 0.6196266671874999 0.5690233328125001 0.6383966671875 0.55679
2 0.6245233328124999 0.495625 0.61473 0.4646333328125 0.584535 0.4784983328125 0.6106499999999999 0.5086733328124999 0.6245233328124999 0.495625
2 0.47436666718750004 0.31457166718749996 0.47681500000000004 0.2949983328125 0.45662 0.28929 0.44090666718750005 0.32028 0.4507 0.3520866671875 0.4645733328125 0.36432000000000003 0.48497500000000004 0.3659516671875 0.49721666718749996 0.34066833281250003 0.493135 0.32028 0.47436666718750004 0.31457166718749996
2 0.5747433328125 0.5600533328124999 0.5829033328125 0.555975 0.5869833328125 0.5355866671875 0.5752833328125 0.511935 0.568215 0.5005183328125 0.5543416671875 0.4923616671875 0.5241466671875 0.4874683328125 0.5094566671874999 0.495625 0.5274099999999999 0.5184599999999999 0.5584216671875 0.5241683328125 0.5641333328125 0.5412950000000001 0.5747433328125 0.5600533328124999
2 0.12843 0.40835999999999995 0.14312 0.40835999999999995 0.1463833328125 0.3822616671875 0.13733 0.368805 0.11455666718749999 0.36432000000000003 0.11210833281249999 0.3838933328125 0.12843 0.40835999999999995
2 0.8219350000000001 0.3308816671875 0.8211183328124999 0.312125 0.8047533328125 0.297675 0.785695 0.321095 0.79174 0.3398533328125 0.8121416671875 0.34637833281249997 0.8219350000000001 0.3308816671875
2 0.6064916671875 0.43038 0.5967 0.4116216671875 0.5814 0.412845 0.5754816671875 0.43772 0.5893550000000001 0.4475066671875 0.6064916671875 0.43038
2 0.6220749999999999 0.2183366671875 0.6008566671875 0.20202499999999998 0.57406 0.17185 0.5543416671875 0.1547233328125 0.5314316671875 0.13264166718749998 0.4716 0.16792 0.4745916671875 0.21874666718750002 0.5184333328124999 0.2501433328125 0.5339400000000001 0.2648233328125 0.5527083328125 0.2713466671875 0.5771916671875 0.27624 0.5975933328125 0.3007066671875 0.6139133328125 0.297445 0.617995 0.2640066671875 0.6269716671875 0.25259 0.64166 0.238725 0.6220749999999999 0.2183366671875
2 0.6624083328125 0.48841999999999997 0.6594166671874999 0.46569833281250006 0.6451716671875001 0.4615116671875 0.6318933328125 0.469285 0.6426633328125 0.4938016671875 0.6588183328125 0.50277 0.6624083328125 0.48841999999999997