1 0.43976534375 0.44355575312499995 0.49453221249999996 0.45112672812500004 0.543711271875 0.44483916875 0.5333230421875 0.42019748593750006 0.5232455328125 0.3702503703125 0.47426471562500006 0.3756014484375 0.45622690468749993 0.4054073671875 0.43976534375 0.44355575312499995
2 0.4641529828125 0.44953182031249994 0.43803634999999996 0.509710709375 0.49543859218749997 0.5397661421875 0.5214455874999999 0.49638673750000006 0.5024589796875001 0.46360920468750005 0.4641529828125 0.44953182031249994
2 0.533677165625 0.49809518906249994 0.5618928828125 0.47999636093750003 0.552434259375 0.44357192031250003 0.525152225 0.4497774703125 0.533677165625 0.49809518906249994
2 0.5307440531250001 0.405439028125 0.5754933624999999 0.3959583265625 0.57304315 0.354115221875 0.537261675 0.348256890625 0.5307440531250001 0.405439028125
2 0.7861290765625 0.284155053125 0.761573246875 0.26674935624999996 0.7435966078125 0.28354586875 0.7356224671875 0.3574270453125 0.783275928125 0.34441365468749996 0.7861290765625 0.284155053125
2 0.7475093171875 0.38940228593750004 0.7764571578125 0.40331031875 0.798776025 0.3590603234375 0.77204145625 0.35274957812499996 0.7475093171875 0.38940228593750004
2 0.6257274203125001 0.48916861718750004 0.6583661921874999 0.48626354374999997 0.6653197296875 0.45017488906249997 0.6315788390625 0.44836216562500003 0.6257274203125001 0.48916861718750004
2 0.708899715625 0.44159883125 0.737110884375 0.4411832890625 0.733981 0.41568527343749995 0.7060493046875 0.4004837 0.708899715625 0.44159883125
2 0.759290359375 0.494758365625 0.7774832203125001 0.5002316609374999 0.7865247328125 0.4634588703125 0.7631560000000001 0.458191196875 0.759290359375 0.494758365625
2 0.5883147046875 0.36496308593750004 0.612568946875 0.3845785015625 0.6561677015625 0.349034384375 0.6389158875 0.3148661140625 0.6085117125 0.3281551984375 0.5883147046875 0.36496308593750004
2 0.750307459375 0.399701828125 0.6894557515625 0.3289948109375 0.55678110625 0.40946870312500006 0.561065375 0.467716590625 0.6114937921875 0.48766929374999995 0.6448759265625 0.43384036562499995 0.750307459375 0.399701828125
2 0.79445266875 0.4484683578125 0.7929890453125 0.4470774484375 0.7865388296875 0.481667440625 0.8129413328125 0.4966962875 0.8254753359375 0.4621533734375 0.79445266875 0.4484683578125
2 0.7846693859375 0.41038818906249996 0.8066533218749999 0.4299300890625 0.8183417875 0.4044464671875 0.7946597546875 0.38251706875 0.7846693859375 0.41038818906249996
2 0.48900694375000003 0.2669110609375 0.517486734375 0.28289265625 0.523477825 0.255601759375 0.5055281468749999 0.243403453125 0.48900694375000003 0.2669110609375
2 0.3702760078125 0.5291795125000001 0.4094441875 0.5289141328125 0.4081142640625 0.48865503906249996 0.3795541734375 0.46514832500000003 0.3702760078125 0.5291795125000001
2 0.7002216031249999 0.5873141859375 0.7021381484375 0.5663044734375 0.674350075 0.566004753125 0.6777738249999999 0.5954303125 0.7002216031249999 0.5873141859375
2 0.69969829375 0.52011765625 0.69654000625 0.485386946875 0.6617594125 0.4923811578125 0.68218968125 0.5302934031250001 0.69969829375 0.52011765625
2 0.5476248703125 0.2919386484375 0.550596628125 0.327519046875 0.562318990625 0.3437011 0.583301453125 0.350443321875 0.6019023203125 0.327108609375 0.60229605 0.3048438828125 0.58395635 0.294255053125 0.5909989718750001 0.2744535328125 0.5711658765625 0.263512184375 0.5476248703125 0.2919386484375
2 0.6423192421875 0.5727525015625 0.651256378125 0.5525044625 0.644422328125 0.5249550625 0.6396363390625 0.5113059046874999 0.62698094375 0.49937404531249996 0.59649359375 0.48681146093749994 0.579249678125 0.4916855328125 0.59281645625 0.5199286562500001 0.6239721406250001 0.5335427234375001 0.6260311546875 0.5528097109375001 0.6328441640625 0.5749881578125 0.6423192421875 0.5727525015625
2 0.200373925 0.306557159375 0.215751009375 0.31018694999999996 0.2251401375 0.28378406875 0.218743203125 0.267517596875 0.19593119375 0.2572145671875 0.18888857187500002 0.2770160890625 0.200373925 0.306557159375
2 0.9440484093749999 0.39714086875 0.947486409375 0.37738402031249996 0.9336631687500001 0.3582752734375 0.9083532640625 0.3779829890625 0.9103877578124999 0.399033459375 0.930250275 0.41087730312500004 0.9440484093749999 0.39714086875
2 0.673503946875 0.423158609375 0.6616156234374999 0.447630053125 0.673897959375 0.46126129687499995 0.6957559515625 0.4476399640625 0.68979955 0.4256637203125 0.673503946875 0.423158609375
2 0.7339497578125 0.3108803296875 0.745875409375 0.27702721874999997 0.7578848828125 0.2673426609375 0.7764335265625 0.256516865625 0.7605987937500001 0.23042138125 0.7421213 0.208172503125 0.7209774796875 0.170091821875 0.704256675 0.14736389375 0.6853289796875 0.1186814125 0.6146246390625 0.14067743125 0.60612346875 0.194406790625 0.6448299203125 0.23797282812499998 0.657702040625 0.257109278125 0.6758552109375 0.26854779687499997 0.7003637453125 0.279699071875 0.7161199296875 0.3102482796875 0.7339497578125 0.3108803296875
2 0.7410042859375 0.5219670734374999 0.743073028125 0.4975390234375 0.7291199640625 0.4896543140625 0.713441478125 0.49447754843749997 0.7191040546874999 0.5226989703125 0.73396206875 0.5360408296875 0.7410042859375 0.5219670734374999