1 0.6128442625 0.4272573765625 0.5976737703125 0.3845491796875 0.567119671875 0.374280328125 0.5294163937499999 0.3670557375 0.5342213109375 0.41746721249999996 0.5502737703125 0.460168853125 0.5701770484375001 0.44605573749999994 0.6128442625 0.4272573765625
2 0.529219671875 0.3900147546875 0.469711475 0.3784852453125 0.4549065578125 0.43566065624999994 0.4993229515625 0.45038688593750004 0.524703278125 0.426996721875 0.529219671875 0.3900147546875
2 0.5532573765625 0.4677131140625 0.5419147546875 0.44455737656250005 0.500380328125 0.46164917968749997 0.522588525 0.4833065578125 0.5532573765625 0.4677131140625
2 0.63786065625 0.468580328125 0.63553934375 0.43546557343750003 0.582868853125 0.4408573765625 0.600847540625 0.478975409375 0.63786065625 0.468580328125
2 0.7457295078125 0.6452229515625 0.7561426234375 0.61987213125 0.7372704921875 0.6071065578125 0.6693131140624999 0.61447213125 0.691075409375 0.654491803125 0.7457295078125 0.6452229515625
2 0.681219671875 0.671211475 0.681219671875 0.6460901640625 0.6431491796875 0.6313622953125 0.636803278125 0.6599508203125 0.681219671875 0.671211475
2 0.571236065625 0.5698557375 0.5657180328125 0.5393573765624999 0.5278770484375 0.5421327875 0.5373934421875 0.5707213109375 0.571236065625 0.5698557375
2 0.6167098359375001 0.624431146875 0.624431146875 0.596496721875 0.5881557374999999 0.6071065578125 0.5945016390625 0.63222786875 0.6167098359375001 0.624431146875
2 0.58498360625 0.6807409843750001 0.5847606562500001 0.658831146875 0.5511426234375 0.6625491796875 0.5500852453125 0.679875409375 0.58498360625 0.6807409843750001
2 0.631363934375 0.48435082031250004 0.61890491875 0.5098655734374999 0.6600180328125 0.5418442625 0.6870131140625 0.519731146875 0.6686557375 0.495175409375 0.631363934375 0.48435082031250004
2 0.5847672125 0.464908196875 0.53342786875 0.48015901562499996 0.526208196875 0.5291229515625 0.581559015625 0.548388525 0.634503278125 0.6358819671875 0.6850409843749999 0.567652459375 0.5847672125 0.464908196875
2 0.600108196875 0.68488360625 0.6010459015625 0.683303278125 0.5686540984375 0.684324590625 0.5607639343749999 0.710859015625 0.5944016390625 0.7152819671875 0.600108196875 0.68488360625
2 0.644652459375 0.697591803125 0.659308196875 0.6721344265625 0.6321934421875001 0.668675409375 0.619319671875 0.692147540625 0.644652459375 0.697591803125
2 0.7157295078125 0.404980328125 0.7228704921875 0.386552459375 0.6982868859375 0.376403278125 0.6899819671875 0.404980328125 0.7157295078125 0.404980328125
2 0.48226229531250003 0.347624590625 0.49729999999999996 0.3175 0.4379016390625 0.321768853125 0.44643278750000004 0.356708196875 0.48226229531250003 0.347624590625
2 0.469252459375 0.6006393437499999 0.44358360625 0.609468853125 0.45561639375 0.627931146875 0.47486721249999997 0.6255229515625 0.469252459375 0.6006393437499999
2 0.532624590625 0.5749524593750001 0.5029442625 0.6006393437499999 0.5157786890625 0.6142852453125001 0.5462622953125 0.604652459375 0.532624590625 0.5749524593750001
2 0.718731146875 0.4491344265625 0.6882491796875 0.43367868906249996 0.656963934375 0.44331147499999995 0.6449311468750001 0.4569573765625 0.6433262296875 0.47702459062499997 0.66819508125 0.48906557343749996 0.6882491796875 0.4850508203125 0.693863934375 0.4665901640625 0.71311639375 0.4689983609375 0.718731146875 0.4491344265625
2 0.47647213125 0.57736065625 0.49973606562499995 0.5658524593750001 0.5109655734375 0.5589000000000001 0.5189885249999999 0.5452540984375001 0.5238016390625 0.5155540984375 0.5157786890625 0.5011049187500001 0.49331803281250003 0.518763934375 0.487703278125 0.5492672125 0.47085737656250004 0.5548852453124999 0.45240655781249994 0.5653213109374999 0.45641803281250004 0.573347540625 0.47647213125 0.57736065625
2 0.62728360625 0.14398360625 0.640519671875 0.1350786890625 0.6449311468750001 0.1126786890625 0.6256786890625 0.1102704921875 0.6016131140625001 0.126324590625 0.6016131140625001 0.1407737703125 0.62728360625 0.14398360625
2 0.7104836062500001 0.7915606562499999 0.687447540625 0.7728147546875 0.6689967218749999 0.77876065625 0.6625786890625001 0.79882786875 0.6778213109375 0.80846065625 0.6962704921875 0.8076573765624999 0.7104836062500001 0.7915606562499999
2 0.5972016390625 0.571868853125 0.5727344265625 0.566047540625 0.563108196875 0.5796934421875 0.5799540984375 0.5965491796875 0.59840491875 0.5869180328125 0.5972016390625 0.571868853125
2 0.8342459015625 0.5646491796875 0.851091803125 0.5452540984375001 0.872811475 0.522719671875 0.838111475 0.463868853125 0.7881180328124999 0.466811475 0.757236065625 0.5099344265625 0.742796721875 0.5251868859375 0.736380328125 0.543647540625 0.7315672125 0.5677295078125 0.7075016390625 0.587796721875 0.7107098359374999 0.6038491796875001 0.7436 0.607863934375 0.7548295078125 0.6166934421875 0.7684672124999999 0.631140984375 0.7885213109375 0.6118770484375 0.8045655734375 0.5910065578125 0.8342459015625 0.5646491796875
2 0.5493327875 0.63459508125 0.5416868859374999 0.6215344265625 0.51757213125 0.63212786875 0.5087508203125 0.6480180328125 0.5228655734375 0.6515491796874999 0.5452147546874999 0.6486065578125 0.5493327875 0.63459508125