1 0.32384255 0.5624058046875 0.335952346875 0.592466290625 0.3809187453125 0.60265286875 0.3983306671875 0.556499521875 0.41198803906250003 0.5342966828125 0.36698588593750003 0.5232042078125 0.3145409359375 0.5246253125 0.32384255 0.5624058046875
2 0.3234987453125 0.46191649218749997 0.3383110078125 0.5215305906250001 0.376396821875 0.5122361578125 0.399398584375 0.48324390156249997 0.3820033828125 0.4395196765625 0.3234987453125 0.46191649218749997
2 0.395415375 0.52768578125 0.419945859375 0.536407853125 0.43461712812500003 0.502970946875 0.41111439531249994 0.48290991875 0.395415375 0.52768578125
2 0.390515115625 0.6249081375000001 0.42492535625 0.6231177734375 0.4339064296875 0.5838254328125 0.3935587796875 0.57017874375 0.390515115625 0.6249081375000001
2 0.5873302218750001 0.7254349125 0.6130847359375 0.7115548421875 0.62004831875 0.6543013765625 0.5775485437500001 0.6370115859375 0.5731980140624999 0.7076769546875 0.5873302218750001 0.7254349125
2 0.610870965625 0.6452461109375001 0.6368901 0.6420808124999999 0.6230843312500001 0.597919921875 0.5937801953124999 0.608034203125 0.610870965625 0.6452461109375001
2 0.49475176093749995 0.5401676625 0.5266063109375 0.5419874140625 0.5258702390625001 0.507149328125 0.4958009 0.500985853125 0.49475176093749995 0.5401676625
2 0.556765578125 0.5932189921875 0.5853258890624999 0.5817756937499999 0.59232993125 0.558003434375 0.5660046671875001 0.5546566203125 0.556765578125 0.5932189921875
2 0.6194140906250001 0.5446552890625 0.6421177265625 0.5421234296875 0.639537709375 0.50642008125 0.621643259375 0.5096882671875 0.6194140906250001 0.5446552890625
2 0.4667716859375 0.5984635890625001 0.44094607343750003 0.6144638015624999 0.45395650156249995 0.6513684390625001 0.4802754125 0.66711259375 0.501876590625 0.6366241984375 0.4667716859375 0.5984635890625001
2 0.5298142765625 0.6590506984375 0.5980443171875 0.59859236875 0.5048698515625001 0.5552856203125 0.4822455921875 0.5009125359375 0.43187998906249997 0.5144907843750001 0.418560740625 0.569096409375 0.5298142765625 0.6590506984375
2 0.6455464484375 0.558283575 0.647138021875 0.5571221875 0.67834751875 0.54743595625 0.6721438 0.5134745140625 0.6450416703124999 0.5249146859375 0.6455464484375 0.558283575
2 0.6367890203125001 0.61947914375 0.662449234375 0.6012319046875 0.655588334375 0.5759215875 0.6318983546875 0.5920900437500001 0.6367890203125001 0.61947914375
2 0.3440667546875 0.7206897234375 0.36280874375 0.7110397828125 0.3615666734375 0.6846178671875001 0.33236892500000004 0.696741028125 0.3440667546875 0.7206897234375
2 0.26166479374999996 0.49791178125 0.29214060000000003 0.47868449843749994 0.299820421875 0.4407720125 0.2632208171875 0.4364197953125 0.26166479374999996 0.49791178125
2 0.5614771796875 0.40600023749999997 0.5535703828125 0.43345392499999996 0.5796141765625 0.4360803921875 0.5811797750000001 0.416021925 0.5614771796875 0.40600023749999997
2 0.5551956875 0.46802817656249995 0.5300225546874999 0.5017224453125 0.5614419046875 0.51197513125 0.569948425 0.47947936718750006 0.5551956875 0.46802817656249995
2 0.4289886921875 0.7002919203125 0.42556568281249996 0.6808386390625001 0.4444152578125 0.6727507734375 0.44760607812500003 0.6516655609375 0.43393507500000006 0.6276625203124999 0.413228090625 0.6318379515625 0.39967495625 0.645905290625 0.391207109375 0.6792236875000001 0.40868568749999995 0.7085566 0.4289886921875 0.7002919203125
2 0.4986049796875 0.49147123437499995 0.51235155 0.481518759375 0.519010771875 0.469119115625 0.5298080046875 0.44379581874999996 0.524684046875 0.423722121875 0.5161774484375 0.42061688750000004 0.5062584765625 0.44086591718749996 0.5012523109375 0.45886091718750005 0.469929715625 0.46846616250000006 0.4527230859375 0.493740146875 0.4680757015625 0.5001526296875001 0.4986049796875 0.49147123437499995
2 0.083654553125 0.6272246375 0.068688965625 0.6290452421875 0.0532220328125 0.655763959375 0.05664504218750001 0.6752172421875 0.079632796875 0.6678678109375 0.0882174609375 0.6531630453124999 0.083654553125 0.6272246375
2 0.7789385703125 0.6403335875 0.7788805640625001 0.6212999765625 0.768168196875 0.6068718578125 0.7476933984375 0.6159864703125 0.74242506875 0.6356697359375 0.76295220625 0.6569471640625 0.7789385703125 0.6403335875
2 0.5227342890625 0.544004853125 0.5299439609375 0.56837941875 0.5455890375 0.5677180078124999 0.5546743249999999 0.5475704 0.5364035171875 0.5324071046875 0.5227342890625 0.544004853125
2 0.599596359375 0.736662425 0.5839745828125 0.7244879203125 0.5742877953125001 0.714076815625 0.568542925 0.680831059375 0.55176199375 0.679561453125 0.53213851875 0.7067858265625 0.507428059375 0.71475934375 0.48861715781250004 0.723669846875 0.47351614218750004 0.7404092015625 0.430341753125 0.7775335359375 0.4297056640625 0.8292071671875 0.49233372500000006 0.8574007890625 0.51462575625 0.8322728906249999 0.5339013578125 0.812541975 0.5597689453125 0.7787632234374999 0.5806113578125001 0.759669040625 0.599596359375 0.736662425
2 0.6069163703125 0.5053619140625 0.6088860281249999 0.482056596875 0.6045477781249999 0.46801707812500004 0.58851525 0.4790716046875 0.5787065078125 0.5051527453125 0.5926027859375 0.511353259375 0.6069163703125 0.5053619140625