2 0.46413804687500004 0.0933595640625 0.44500954843749996 0.09269198906250001 0.4346807734375 0.0989930140625 0.41793106875 0.10062895624999998 0.4152530671875 0.1305122078125 0.429029484375 0.1432057296875 0.4545341453125 0.144095828125 0.47058175625 0.13466364375 0.4777000671875 0.12603008124999998 0.47369383593750003 0.12895788125000002 0.47051421250000003 0.0935820875 0.467013171875 0.0967906515625 0.46413804687500004 0.0933595640625
2 0.5558797171875 0.15686888906250002 0.53628029375 0.17814670625 0.551725096875 0.21944405625000002 0.5791794718750001 0.21169007812500001 0.5901686078124999 0.168518540625 0.5558797171875 0.15686888906250002
2 0.6156037546875 0.048497921875 0.6131697875000001 0.0428770078125 0.49127246874999997 0.0343531171875 0.4904350375 0.034323892187499996 0.45444029375 0.085847803125 0.5535775515625 0.14410062343750002 0.6156037546875 0.048497921875
3 0.7335682625 0.4122076734375 0.7116880671875 0.4247792640625 0.7084570125 0.44182095156249995 0.7416888875 0.4403672 0.7428288109375 0.41862945781249994 0.7335682625 0.4122076734375
2 0.42125998437499995 0.031909723437499996 0.41955799687499995 0.033060493749999996 0.4248759421875 0.05473383750000001 0.45901130312499994 0.060222915625 0.48771627031250003 0.0461830546875 0.4851255390625 0.03413859375 0.42125998437499995 0.031909723437499996
2 0.4263697515625 0.149331409375 0.40370895781250005 0.150688890625 0.4081450390625 0.163735915625 0.40705258750000006 0.18948331093749998 0.43576246718749995 0.195856653125 0.45338758281249997 0.1674642953125 0.4263697515625 0.149331409375
2 0.369353546875 0.1699029390625 0.3664646984375 0.1429429859375 0.3449286625 0.12285197187500001 0.328434265625 0.1502101796875 0.32994947343750003 0.14811472812499998 0.3279892515625 0.17920322500000002 0.345849159375 0.18734734687500001 0.369353546875 0.1699029390625
2 0.3779601734375 0.030398584375 0.3486231515625 0.10334949062500001 0.3747666578125 0.1528363703125 0.4118910953125 0.1475082484375 0.39831775 0.0550371296875 0.4092856453125 0.031491825 0.3779601734375 0.030398584375
2 0.4544550671875 0.0665633015625 0.435018471875 0.057789042187499993 0.4201151765625 0.0609494 0.41164265 0.08199713125 0.4146648609375 0.0946139953125 0.43634345156250004 0.088746825 0.4544550671875 0.0665633015625
2 0.48889681874999996 0.1685958515625 0.49291745468750003 0.1481277359375 0.4937264734375 0.1327002 0.4776983828125 0.12919756093749998 0.46645590156249994 0.143156278125 0.463576409375 0.15961625156249998 0.4764699421875 0.166689971875 0.48889681874999996 0.1685958515625
2 0.50992011875 0.1358422375 0.5082102890625 0.1516058265625 0.5238916109375 0.16172121718750002 0.534802021875 0.1363419984375 0.52121181875 0.12850786875 0.50992011875 0.1358422375