3 0.2579684984375 0.652237303125 0.29334457812500003 0.670373465625 0.33635446875 0.6612949484375 0.2992560625 0.6377306234375 0.2579684984375 0.652237303125
3 0.4159476953125 0.481035965625 0.42208773906249997 0.509289525 0.4643179671875 0.5072997484374999 0.46391730156250005 0.4760536046875 0.4159476953125 0.481035965625
3 0.40336134531249995 0.43495480937500003 0.44445814375000003 0.4351079875 0.4531204375 0.41161480937499995 0.4180296171875 0.402756540625 0.40336134531249995 0.43495480937500003
3 0.3257914625 0.34176409375 0.3659451890625 0.352824425 0.38285339218750003 0.32149395625 0.34771956875 0.31181514374999997 0.3257914625 0.34176409375
3 0.751517303125 0.4206612859375 0.7413221812499999 0.445641221875 0.7935202968749999 0.467007778125 0.8001320015625 0.42798800625 0.751517303125 0.4206612859375
3 0.6048161109375 0.529346503125 0.6616711828125 0.5232882703125 0.6527235375 0.49413465624999997 0.5980719375 0.48959368281250004 0.6048161109375 0.529346503125
3 0.6580461578125 0.625331440625 0.7076169375 0.6212660984375 0.6978507671874999 0.5765223046875 0.6355553453125 0.5913071640625 0.6580461578125 0.625331440625
3 0.45337587968750004 0.5580665625 0.4631282671875 0.5849241765625 0.515096596875 0.57951769375 0.5099784203125 0.55263176875 0.47688007031249996 0.5346183484375 0.45337587968750004 0.5580665625
3 0.263749459375 0.573765003125 0.3075731296875 0.588137746875 0.384009915625 0.5559423234375 0.350654971875 0.53300460625 0.3009064859375 0.5512458765625 0.263749459375 0.573765003125
3 0.23075737968749999 0.2981968421875 0.26966606249999997 0.324666146875 0.31658580000000003 0.307687240625 0.31984253906250004 0.2754256421875 0.2620065109375 0.28092508125000004 0.23075737968749999 0.2981968421875
3 0.2453217515625 0.6837863453125 0.257081321875 0.7090162046875 0.285349159375 0.7112156703125 0.27504582499999997 0.6803024875 0.2453217515625 0.6837863453125
3 0.3445854921875 0.6817936390625 0.3152975171875 0.6935987140625001 0.331390275 0.7195699359375001 0.3700924 0.7266740625 0.36798942343749996 0.704959575 0.3445854921875 0.6817936390625