2 0.1836359359375 0.432366246875 0.1785880421875 0.4178947671875 0.17057368906249998 0.41306108750000003 0.16588690625 0.41252931249999997 0.13356753125 0.417037984375 0.12900178125 0.4201172578125 0.12825966718749998 0.42330334687500004 0.121844603125 0.4250281921875 0.1261503828125 0.44268575937500004 0.1341647359375 0.4475194375 0.136381128125 0.4534939234375 0.171907040625 0.44967610156250004 0.1733892765625 0.446410475 0.180546453125 0.44149954375 0.1836359359375 0.432366246875
2 0.5595787203125 0.45409196406249996 0.55674125 0.45491461875 0.561170053125 0.47307668593749996 0.5954617625 0.47042694531249996 0.59867426875 0.4617981484375 0.5955987125 0.44918560156250004 0.5848679203125 0.4487856265625 0.582895584375 0.44692669531250007 0.5688332453125 0.448437915625 0.5678450875000001 0.450615 0.559209653125 0.4525784578125 0.5595787203125 0.45409196406249996
2 0.33860154531250003 0.36394048749999997 0.379431340625 0.360070403125 0.38326094843749997 0.3508575671875 0.38116956874999997 0.342281034375 0.3715539375 0.33399537968750004 0.3673612296875 0.3323750609375 0.33849642812499997 0.335477040625 0.3330655421875 0.3412379015625 0.326896521875 0.34397175 0.33046416875 0.3586023046875 0.33860154531250003 0.36394048749999997
2 0.581213059375 0.377732684375 0.5634540828125 0.3734284953125 0.5471713734375 0.3751783296875 0.5422365578125 0.3767440984375 0.5316228187500001 0.386168275 0.5286623265625 0.3864864265625 0.5334601953125 0.40616200156250004 0.5403673484375 0.4064551625 0.54246270625 0.40881859531250003 0.5841556484375 0.4053734765625 0.585637884375 0.40210785 0.59032665625 0.399533078125 0.592427984375 0.3925768640625 0.59058265 0.38500933593750003 0.581213059375 0.377732684375
2 0.0841875234375 0.48240046562499994 0.08541973593749999 0.4843389359375 0.126126509375 0.47996435000000004 0.1298291140625 0.47646011093749996 0.1325475421875 0.46891985625 0.130333140625 0.459838821875 0.11627676875 0.45203039531250006 0.08889221093750001 0.4549732984375 0.0835843484375 0.4612386609375 0.079389653125 0.462724890625 0.0841875234375 0.48240046562499994
2 0.385059178125 0.29060849843750003 0.36507784062500004 0.289649475 0.363349559375 0.291906096875 0.3547141265625 0.2938695546875 0.3538489921875 0.296551140625 0.35014837656250003 0.29694882968749997 0.3444714453125 0.3017006875 0.34853118125 0.3183492484375 0.3540791203125 0.3224125375 0.386027440625 0.319496909375 0.387386653125 0.3157267828125 0.391335303125 0.313231546875 0.3957840015625 0.300328121875 0.3951688890625 0.29780561250000004 0.385059178125 0.29060849843750003
2 0.3148761484375 0.23861267812500003 0.30735587343750004 0.23269045781250003 0.2925573890625 0.2280681171875 0.2755345546875 0.2298974890625 0.2693635453125 0.23573788750000002 0.2599879890625 0.237780884375 0.251719634375 0.2443643984375 0.2486341296875 0.2472845984375 0.2523247984375 0.262419653125 0.25861485 0.2632968578125 0.2645318546875 0.2688736515625 0.3075820234375 0.2647649546875 0.315112246875 0.2551544296875 0.314624134375 0.24692332343749998 0.3165984609375 0.24567570625 0.3148761484375 0.23861267812500003
2 0.2646101359375 0.4045380640625 0.3066340140625 0.39820472812499996 0.326144440625 0.38429721875 0.3131570125 0.36661329375 0.2517810640625 0.37744925937499996 0.227390734375 0.3612936203125 0.2067432375 0.36048384375000003 0.178015571875 0.3520631484375 0.154325178125 0.36429978749999997 0.1694744 0.379025584375 0.2247655390625 0.39428338125 0.2646101359375 0.4045380640625
2 0.6235387109375 0.5276870375 0.6467861375 0.52821689375 0.6544456578125 0.519519715625 0.638858490625 0.5102925984375 0.61719485625 0.51625459375 0.6235387109375 0.5276870375
2 0.608559146875 0.48205205468749995 0.62399946875 0.4931126734375 0.6424855953125 0.4887031046875 0.6274827593750001 0.4709334171875 0.6131845140625 0.4742866796875 0.608559146875 0.48205205468749995
2 0.634337296875 0.451117159375 0.6401914515625 0.46835619531250006 0.667050521875 0.465469765625 0.6640279875 0.4530746578125 0.634337296875 0.451117159375
2 0.5549133875 0.42603626875 0.5776984796875 0.4308559578125 0.5827586890625 0.4224381140625 0.5673122671875 0.4174355046875 0.5549133875 0.42603626875
2 0.4846232921875 0.334558521875 0.5097004093749999 0.33761755937500004 0.5141903906249999 0.3195697484375 0.498025028125 0.31161572187500003 0.48718983437499996 0.3182317546875 0.4846232921875 0.334558521875