2 0.2649039640625 0.448232096875 0.262583071875 0.4658049046875 0.267673125 0.47665833125 0.27480912812499997 0.477410384375 0.2898939109375 0.474568096875 0.297031590625 0.44747586562499997 0.29995514375 0.42723488906249996 0.29277775 0.42400392968749995 0.28908449062499997 0.42322592031250006 0.272901228125 0.4280938671875 0.269570725 0.43265933125 0.2649039640625 0.448232096875
2 0.674264721875 0.529952340625 0.6816751734375 0.5232346 0.6876271140625 0.5132013671875 0.6956626578125 0.49457532656250003 0.697210171875 0.48286308437500003 0.6952718703125 0.474411809375 0.679107815625 0.4564738734375 0.6685886156249999 0.4768337765625 0.6602035421875 0.4999003078125 0.656996409375 0.518790546875 0.6666659640625 0.5291045515625 0.674264721875 0.529952340625
2 0.427093928125 0.34592840156250004 0.430686071875 0.35195216406249996 0.45492874375000003 0.3480290453125 0.46705766718749997 0.309195334375 0.45778704374999996 0.305738296875 0.4504005234375 0.3041822796875 0.439583996875 0.312437821875 0.4360774328125 0.3192250046875 0.427093928125 0.34592840156250004
2 0.2390939640625 0.7636451875 0.24085351406250002 0.7790640765625 0.2496613828125 0.7824253796875 0.25824637968749997 0.776708003125 0.2612157375 0.7667994031250001 0.2658825 0.751226640625 0.260215725 0.7392349968749999 0.2596577890625 0.7408853796875 0.2536181625 0.7381089703125 0.2443607703125 0.74443589375 0.240604675 0.7504158296875 0.2390939640625 0.7636451875
2 0.47740733124999996 0.7987257640625 0.48592900156249996 0.7997679703125 0.49391395625 0.79768711875 0.5009398203125001 0.7938983578125 0.503274453125 0.7735141078125001 0.49601148124999994 0.771037271875 0.4886249625 0.7694812546875001 0.48315983749999997 0.7713417359375 0.479303746875 0.782569409375 0.47740733124999996 0.7987257640625
2 0.38874633125 0.4247348171875 0.396321225 0.406011734375 0.390257734375 0.38366445625 0.38045039531249997 0.3770843609375 0.3626956875 0.40193830625000004 0.363568009375 0.4186779125 0.37121729062500003 0.43082513906250003 0.38874633125 0.4247348171875
2 0.6373820046875001 0.5925796234375 0.6466526296875 0.5960366625 0.6586553234375 0.598565103125 0.6691107 0.584966428125 0.6625109874999999 0.5594944484375 0.6614141171875 0.56152044375 0.653603121875 0.5613808828125 0.64583040625 0.56275350625 0.6393906625 0.580962778125 0.6373820046875001 0.5925796234375
2 0.2757213953125 0.535769015625 0.2710478765625 0.5169830875 0.26165830625000003 0.49205542968750005 0.250900453125 0.4591913890625 0.2351547921875 0.483603809375 0.2446892921875 0.51429898125 0.2385830484375 0.5503030640625 0.23468462968749998 0.56956303125 0.2567105046875 0.5742029171875 0.2732852359375 0.5595262046875 0.2757213953125 0.535769015625
2 0.3174640578125 0.42912563593749997 0.32885269375 0.4178810421875 0.3333294 0.39699419687500004 0.3143225578125 0.39649641875 0.2994508515625 0.408958628125 0.2997959265625 0.4226750015625 0.3174640578125 0.42912563593749997
2 0.515801996875 0.7692456703125 0.510811059375 0.7918427640625 0.5275032921875 0.79263035 0.530844684375 0.766618125 0.515801996875 0.7692456703125
2 0.625302921875 0.5264233890625001 0.6273867656250001 0.5385145234375 0.6374774296875 0.5405493421875 0.64748759375 0.5238136921875001 0.648661484375 0.5056114375 0.6573770875 0.49239570937500005 0.66117321875 0.47814541093749996 0.6492470796875 0.4639791921875 0.63360989375 0.47331033125 0.626856596875 0.4879089890625 0.627855575 0.5099685359375 0.625302921875 0.5264233890625001
2 0.5979918484375 0.549316634375 0.588627728125 0.56627921875 0.58476885625 0.5839158656250001 0.6009840343749999 0.591700815625 0.6159007843750001 0.5831909625 0.620736678125 0.5559457640625001 0.6151009468749999 0.5572898937499999 0.5979918484375 0.549316634375
2 0.59560444375 0.62552579375 0.61147279375 0.6312968203125 0.6254842046875 0.6162827734375 0.6245202015625 0.595689296875 0.6133629984375 0.5884824421875 0.5984205890625 0.6018434109374999 0.59560444375 0.62552579375
2 0.2973308765625 0.78078714375 0.29172223750000004 0.762864625 0.28325622031250003 0.765750803125 0.2783675484375 0.777367146875 0.28505916249999996 0.785098990625 0.2973308765625 0.78078714375
2 0.349596046875 0.8175593984375 0.34389321562499997 0.8085736515624999 0.3308398953125 0.81789356875 0.3338325796875 0.8328088078125001 0.34580252499999997 0.8286639875 0.349596046875 0.8175593984375