2 0.770982421875 0.1862865859375 0.774236328125 0.14560975625 0.7530849609375 0.10900121874999999 0.73193359375 0.0927317078125 0.6831220703125 0.14357682968750002 0.6945117187500001 0.20255609687499998 0.7416953125 0.2269621953125 0.770982421875 0.1862865859375
2 0.627802734375 0.2106914640625 0.6375654296875 0.1618804875 0.6258134765625 0.1351621953125 0.5789921875 0.1334073171875 0.5676025390625 0.1740829265625 0.58875390625 0.2106914640625 0.627802734375 0.2106914640625
2 0.661970703125 0.3388219515625 0.6912578125 0.308314634375 0.6863759765624999 0.267639025 0.668478515625 0.255435365625 0.6082783203125001 0.265604878125 0.61966796875 0.3266195125 0.627802734375 0.34288902499999996 0.661970703125 0.3388219515625
2 0.66359765625 0.0825621953125 0.655462890625 0.0418865859375 0.6331376953125 0.025406096875 0.611533203125 0.08662926875 0.6066513671875 0.127306096875 0.6587167968750001 0.127306096875 0.66359765625 0.0825621953125
2 0.692884765625 0.23916463437500002 0.692884765625 0.20459024375 0.6782412109375 0.1761170734375 0.6526689453125 0.1747963421875 0.6310576171875 0.216793903125 0.6391923828125 0.24933414687500002 0.6863759765624999 0.2513682921875 0.692884765625 0.23916463437500002
2 0.5529599609375 0.416106096875 0.5627216796875001 0.351024390625 0.546451171875 0.32255121875000003 0.4911318359375 0.27374024375 0.46712207031249997 0.263210975 0.4488291015625 0.3550926828125 0.4488291015625 0.436445121875 0.49438671875000006 0.44864756093749997 0.5529599609375 0.416106096875
2 0.5122841796875 0.6459268296875 0.539943359375 0.6052500000000001 0.533435546875 0.5605073171875 0.49641894531249997 0.5193085359375 0.4537109375 0.5605073171875 0.45696484374999996 0.613385365625 0.46998144531249997 0.6459268296875 0.5122841796875 0.6459268296875
2 0.44720214843750006 0.5422024390625 0.44720214843750006 0.511695121875 0.40608691406249997 0.5071134140625 0.3593427734375 0.509660975 0.3560888671875 0.5462695125 0.3691044921875 0.580845121875 0.44720214843750006 0.5422024390625
2 0.45696484374999996 0.7984621953125 0.4781162109375 0.757785365625 0.48299707031250005 0.7211768296875001 0.47974316406249995 0.69067073125 0.44720214843750006 0.6845682921875 0.41829394531249997 0.702235365625 0.40815332031249996 0.725245121875 0.3951376953125 0.784225609375 0.4032724609375 0.8025292687500001 0.45696484374999996 0.7984621953125
2 0.652208984375 0.9164231703124999 0.6668515625 0.8920170734375 0.6668515625 0.820834146875 0.6331376953125 0.8180890249999999 0.58224609375 0.8147329265625001 0.5676025390625 0.8513414640624999 0.5855 0.9021865859375 0.652208984375 0.9164231703124999
2 0.8197929687500001 0.84524024375 0.8360634765625001 0.8147329265625001 0.8360634765625001 0.778124390625 0.8089189453125 0.7571134140625 0.7661005859375 0.7679548781250001 0.7644736328125 0.81269878125 0.780744140625 0.837104878125 0.8197929687500001 0.84524024375