2 0.24410300468749999 0.1717278828125 0.29594420625 0.1449008046875 0.3084581546875 0.0800710453125 0.2548283265625 0.02418230625 0.23158905624999998 0.042065684375 0.2083497859375 0.0823056296875 0.21192489218750002 0.12701742656249998 0.24410300468749999 0.1717278828125
2 0.41214163125000003 0.1538431640625 0.4353809015625 0.1136032171875 0.42286695312499994 0.06889276093749999 0.3714238203125 0.070821715625 0.358511803125 0.10019034843750001 0.369238196875 0.1538431640625 0.41214163125000003 0.1538431640625
2 0.369238196875 0.29915415625 0.378175965625 0.281270778125 0.39068991406250003 0.214203753125 0.3245472109375 0.20302546875 0.304883046875 0.21643967812499998 0.2995193140625 0.261150134375 0.331697425 0.294683646875 0.369238196875 0.29915415625
2 0.33250941875 0 0.329909871875 0.013004021874999999 0.3352725328125 0.062186326562500005 0.3924774671875 0.062186326562500005 0.387113734375 0.01747453125 0.38095001562499997 0 0.33250941875 0
2 0.304883046875 0.198554959375 0.3567242484375 0.196319034375 0.3656620171875 0.1605509390625 0.34191738125 0.1143874 0.313820815625 0.1158391421875 0.297731759375 0.1471367296875 0.297731759375 0.18514075000000002 0.304883046875 0.198554959375
2 0.515824034375 0.4154034859375 0.5658787546874999 0.4019906171875 0.5658787546874999 0.3125683640625 0.5457800421875 0.2115723859375 0.5194002140625 0.2231461125 0.458620171875 0.276798928125 0.44074356249999996 0.3080965140625 0.451468884375 0.3796340484375 0.515824034375 0.4154034859375
2 0.5426384125 0.6322520109374999 0.5569399140625 0.5964825734375 0.560515021875 0.53835925 0.5135912015625 0.4930737265625 0.47292060156250004 0.53835925 0.46577038593750003 0.5875402140625 0.49615987187500005 0.6322520109374999 0.5426384125 0.6322520109374999
2 0.6534731765624999 0.5607144765625 0.6677736046875 0.522709115625 0.6641984984375 0.48246916874999995 0.612840128125 0.47966890156249997 0.5676663093750001 0.48470509375 0.5676663093750001 0.51823860625 0.6534731765624999 0.5607144765625
2 0.615932403125 0.8043887406250001 0.6248701718749999 0.7842694375 0.6105697421875 0.7194383375 0.5994281109374999 0.6941461125 0.5676663093750001 0.6747265421875001 0.531913090625 0.681434315625 0.5283379828125 0.7149664875 0.53370064375 0.755206434375 0.5569399140625 0.7999182312500001 0.615932403125 0.8043887406250001
2 0.41571673750000004 0.9139316359375 0.4353809015625 0.8580428953125001 0.4192918453125 0.8178029484374999 0.363376609375 0.8214919578125001 0.3263347640625 0.8245093828125001 0.3263347640625 0.9027533515625 0.34242274687499996 0.9295804296875 0.41571673750000004 0.9139316359375
2 0.20119957031250002 0.8423941015624999 0.21907617968749998 0.8155670234375 0.21728862656249998 0.76638471875 0.1702435625 0.754467828125 0.140419528125 0.777563003125 0.140419528125 0.8178029484374999 0.1582961375 0.8513364609374999 0.20119957031250002 0.8423941015624999