2 0.858204615625 0.44426024531249997 0.8777661531250001 0.46784938593750003 0.905884615625 0.47110245937500006 0.943784615625 0.47028893437499997 0.9468723078125001 0.4428012296875 0.8912138468749999 0.42229815625 0.858204615625 0.44426024531249997
2 0.8594276921875 0.5288545078125 0.8545369234375 0.5581372953125 0.8728753843750001 0.568711065625 0.90344 0.567897540625 0.90472 0.5502079921874999 0.8912138468749999 0.53292110625 0.8594276921875 0.5288545078125
2 0.786073846875 0.5312940578124999 0.7762923078124999 0.5483760249999999 0.787295384375 0.5638309421875001 0.80808 0.567084015625 0.8369107687499999 0.551429303125 0.8325307687500001 0.53373463125 0.786073846875 0.5312940578124999
2 0.7506184609375001 0.5914866796875 0.7004938468749999 0.5914866796875 0.680933846875 0.609381146875 0.682155384375 0.6264631140625 0.705384615625 0.6337838109375 0.7335030765624999 0.6337838109375 0.758106153125 0.63320491875 0.7506184609375001 0.5914866796875
2 0.7017169234375 0.638663934375 0.6858230765625 0.6337838109375 0.6601492312499999 0.6370368859375 0.6601492312499999 0.651678278125 0.6760430765625001 0.6573729515625 0.6943815390625 0.6581854515625001 0.6976276921875 0.6502920078125001 0.7017169234375 0.638663934375
2 0.5415615390624999 0.5378022546875 0.5354476921875 0.5744047125 0.5733476921875 0.5866065578125 0.605133846875 0.5809118859375 0.620653846875 0.5575317625 0.586795384375 0.5264139343750001 0.5415615390624999 0.5378022546875
2 0.44509384687500003 0.5581372953125 0.46954615312500003 0.567084015625 0.490533846875 0.5587520484375 0.48177076874999997 0.53454815625 0.4512076921875 0.541868853125 0.44509384687500003 0.5581372953125
2 0.4447169234375 0.6258821718750001 0.44998461562500003 0.6012479515625 0.412084615625 0.597993853125 0.40841692343749997 0.622396515625 0.4447169234375 0.6258821718750001
2 0.502555384375 0.6297172125 0.482993846875 0.6215829921875 0.457546153125 0.6246608609375001 0.4377584609375 0.6362243859375 0.4781030765625 0.6500522546874999 0.502555384375 0.6297172125
2 0.4707676921875 0.6036875 0.502555384375 0.604501025 0.50886 0.595367828125 0.49766461562500003 0.5760317625 0.4707676921875 0.5800993859375 0.4707676921875 0.6036875
2 0.41453076875 0.5857930328125 0.45242923125 0.597993853125 0.47199076875 0.5947397546875 0.45854307656250004 0.567897540625 0.457546153125 0.572178278125 0.4304230765625 0.5719651640625 0.41453076875 0.5857930328125
2 0.3680723078125 0.48737090156249996 0.33995384687499997 0.50689241875 0.37418615312500003 0.53210758125 0.4010815390625 0.5182797124999999 0.3989 0.5160327875 0.3961923078125 0.49143749999999997 0.3680723078125 0.48737090156249996
2 0.4206430765625 0.46947540937500004 0.40230461562500003 0.47842315625 0.4059723078125 0.5077059421875 0.4181984609375 0.528040984375 0.4560969234375 0.5264139343750001 0.4781030765625 0.50526536875 0.47199076875 0.4800502046875 0.4206430765625 0.46947540937500004
2 0.311835384375 0.490623975 0.4080630765625 0.43547745937500004 0.33261846093749997 0.4174180328125 0.30083230781250003 0.44426024531249997 0.311835384375 0.490623975
2 0.2629323078125 0.3751209015625 0.2372584609375 0.3751209015625 0.21036307656250003 0.39301536875 0.22870153906250001 0.4076567625 0.249484615625 0.41253688593750004 0.28004923125 0.4019631140625 0.28860615312500004 0.3954559421875 0.2629323078125 0.3751209015625
2 0.31305692343749997 0.26548258125 0.2934969234375 0.2809375 0.31305692343749997 0.2972059421875 0.331395384375 0.2972059421875 0.35858 0.2895922125 0.346066153125 0.2622295078125 0.31305692343749997 0.26548258125
2 0.4102276921875 0.29613934375 0.442013846875 0.3018329921875 0.47404 0.286571721875 0.45912923125000005 0.2579098359375 0.40900461562499996 0.26604405781249996 0.4102276921875 0.29613934375
2 0.45167846093749997 0.43441905781249995 0.440675384375 0.44580635312499994 0.4724615390625 0.47102151562500005 0.5042476921875 0.46695491875000006 0.525355384375 0.45256557343750003 0.4944676921875 0.43441905781249995 0.45167846093749997 0.43441905781249995
3 0.521026153125 0.386306353125 0.5415523078125 0.423178278125 0.6010769234375 0.42181352499999997 0.5758969234375 0.39207684375 0.5723415390625 0.39449999999999996 0.521026153125 0.386306353125
2 0.7264 0.5538165984375001 0.7484476921875001 0.5602448765625 0.7704969234375 0.5326956968750001 0.74814923125 0.5079006140625 0.7236430765625 0.5253483609375 0.7264 0.5538165984375001
2 0.5786861531249999 0.9037028687499999 0.56215076875 0.9119672124999999 0.5635276921875 0.9294159843750001 0.607626153125 0.9358442625000001 0.6200276921875 0.9174774593749999 0.60349076875 0.9073760249999999 0.5786861531249999 0.9037028687499999
2 0.2877384609375 0.2279006140625 0.27593999999999996 0.239680328125 0.2956030765625 0.25276741875000003 0.3211676921875 0.24818647500000002 0.32536 0.2370625 0.317233846875 0.2239743859375 0.2877384609375 0.2279006140625
2 0.46274923125 0.2082694671875 0.43915230781250003 0.2187397546875 0.440135384375 0.2350993859375 0.4666815390625 0.23182684375 0.47717076875000003 0.223319671875 0.476513846875 0.214813525 0.46274923125 0.2082694671875