2 1 0.15298962968750002 0.9937897921875001 0.1483765953125 0.9476892124999999 0.14776298125 0.8971463609375 0.1765709953125 0.9164196406249999 0.23247028749999998 0.98051363125 0.25156409218750003 1 0.2366942609375 1 0.15298962968750002
2 0.8892586859374999 0.3511345796875 0.926638303125 0.3789007203125 0.97412621875 0.370319571875 0.9801532890625 0.31721923125 0.952243215625 0.3011191984375 0.895923975 0.307003434375 0.8892586859374999 0.3511345796875
2 0.79744815625 0.2249911609375 0.7582905734375001 0.2548718375 0.7479045703125 0.2930578296875 0.7647327390624999 0.3039676390625 0.831105696875 0.32327615625 0.8527679687499999 0.25631351874999997 0.8421586734375 0.23479927968749997 0.79744815625 0.2249911609375
2 1 0.28077725937500003 0.9945659359375 0.28086219218749997 0.985678828125 0.3397040890625 1 0.339325453125 1 0.28077725937500003
2 0.9138643343749999 0.234094409375 0.875151965625 0.230447134375 0.860376740625 0.23651568906249998 0.8546005203125 0.2900549484375 0.8896467546875 0.30268116875 0.9403595859375 0.28268741406250003 0.94324574375 0.2536475171875 0.9138643343749999 0.234094409375
2 0.802000796875 0.4548113921875 0.7567904796875 0.38714298125 0.7276867765625 0.3657511671875 0.6531496359375 0.36991789062499997 0.6067155703125 0.43268179218749997 0.61260215625 0.48545610781250004 0.703691125 0.49403802812500003 0.8096919890625 0.4830568390625 0.802000796875 0.4548113921875
2 0.43914654375 0.36467572812500004 0.3888802 0.3916438078125 0.3816595 0.43945236562499995 0.4158738140625 0.457595934375 0.47452507187500004 0.4668514859375 0.5279445359375 0.4229309921875 0.4881333546875 0.3767504875 0.43914654375 0.36467572812500004
2 0.43731159999999997 0.5603242578125001 0.47380368281249996 0.5786813078125 0.5153490625 0.5788657546875 0.5261803359375 0.526306471875 0.528068278125 0.47935664375 0.4939097453125 0.47613840625000003 0.43731159999999997 0.5603242578125001
2 0.309789171875 0.49192712031249997 0.334505071875 0.4611201421875 0.333226734375 0.423700065625 0.2996249796875 0.416804546875 0.25780189375 0.41845880625 0.2086463734375 0.43807205937499993 0.1949277265625 0.498323625 0.2140334953125 0.50944801875 0.282294615625 0.5009602625 0.309789171875 0.49192712031249997
2 0.13972033749999999 0.190998809375 0.109893878125 0.2049725484375 0.11444771406250001 0.281865728125 0.16832321249999999 0.3074562796875 0.21181270625 0.29476868125 0.2167416828125 0.23689935156250003 0.2194226734375 0.19850794375 0.13972033749999999 0.190998809375
2 0.25513708125 0.007916228124999999 0.2182013140625 0.0230861515625 0.220645059375 0.0680755046875 0.2451949296875 0.08903828124999999 0.29557163750000004 0.0919196390625 0.31501935625 0.0446720171875 0.2961270484375 0.0117780859375 0.25513708125 0.007916228124999999