2 0.3759033328125 0.5616816671875 0.40846 0.57079 0.4069033328125 0.5169083328124999 0.3725116671875 0.5161450000000001 0.3759033328125 0.5616816671875
2 0.3589483328125 0.3097083328125 0.3399566671875 0.3370316671875 0.3087566671875 0.3431033328125 0.30401 0.39876 0.325035 0.40483166718749997 0.3386 0.370425 0.398285 0.3582816671875 0.375355 0.313635 0.3589483328125 0.3097083328125
2 0.3745466671875 0.43215333281249996 0.3765816671875 0.4675733328125 0.40167666718749995 0.4655483328125 0.40181500000000003 0.42589 0.3745466671875 0.43215333281249996
2 0.4028333328125 0.7292816671875 0.37726000000000004 0.7234966671875 0.3725116671875 0.7528433328124999 0.3915033328125 0.7761166671875 0.4064233328125 0.7761166671875 0.41252833281249995 0.748795 0.4028333328125 0.7292816671875
2 0.44644000000000006 0.832785 0.4728916671875 0.8499883328125 0.4862866671875 0.81423 0.46475333281250003 0.8044516671874999 0.44644000000000006 0.832785
2 0.6104483328125 0.8430533328125 0.5949766671875001 0.8196316671874999 0.583635 0.8219233328125 0.587515 0.8459416671875 0.6037933328125 0.86618 0.6180366671875 0.8631449999999999 0.6104483328125 0.8430533328125
2 0.3916433328125 0.19593 0.3670866671875 0.1995983328125 0.367765 0.22995666718750002 0.3860766671875 0.2532316671875 0.3962516671875 0.2431133328125 0.3916433328125 0.19593
2 0.3320516671875 0.7976783328125 0.35596 0.7945916671875 0.36444333281249996 0.7691250000000001 0.3389916671875 0.7603716671875 0.3258816671875 0.7752983328124999 0.3320516671875 0.7976783328125
2 0.4492783328125 0.42894333281249997 0.46007499999999996 0.3872716671875 0.4674016671875 0.345065 0.4276833328125 0.330165 0.4215133328125 0.4019333328125 0.42074166718750006 0.44977999999999996 0.42691166718750007 0.46753 0.44773500000000005 0.45827 0.4492783328125 0.42894333281249997
2 0.47142333281250004 0.8589333328125001 0.49143166718750003 0.8845166671875001 0.5136633328125 0.86227 0.4947666671875 0.8342683328125 0.47142333281250004 0.8589333328125001
2 0.4547483328125 0.23413499999999998 0.47031166718749995 0.25082 0.479205 0.2241233328125 0.46253 0.20855166718749998 0.4547483328125 0.23413499999999998