3 0.27097940781249996 0.6618992234375 0.30842829374999997 0.6782486953125 0.35227651249999997 0.66605578125 0.31275882187500004 0.6442275656249999 0.27097940781249996 0.6618992234375
3 0.42458997187499997 0.4750859765625 0.43244616875 0.503789303125 0.47587362187500004 0.49895115468749995 0.47377244375 0.4667857390625 0.42458997187499997 0.4750859765625
3 0.40912513749999996 0.4284410671875 0.4514999171875 0.42588557031249996 0.45916057343750005 0.40110942187500004 0.4225070171875 0.394299821875 0.40912513749999996 0.4284410671875
3 0.32412388124999997 0.33755111875 0.3661157328125 0.34629516250000003 0.381853634375 0.31290009531249996 0.34511141562500003 0.3052479609375 0.32412388124999997 0.33755111875
3 0.767265321875 0.390728796875 0.75810480625 0.41713790624999997 0.81306998125 0.43570491406249995 0.8177778390625001 0.3950676109375 0.767265321875 0.390728796875
3 0.6219036484375 0.5123891578124999 0.6801879828125 0.5023938453125 0.6693888125 0.472948590625 0.6128033875 0.47187840937500003 0.6219036484375 0.5123891578124999
3 0.6819640406249999 0.6077648765625 0.732846696875 0.6003037046874999 0.720361425 0.554850440625 0.6569401328125 0.5741956921875 0.6819640406249999 0.6077648765625
3 0.46733624687499997 0.551976946875 0.47884097499999995 0.5790035796875 0.5321228015624999 0.5700023812499999 0.5253939296875 0.542640615625 0.4902997765625 0.526267221875 0.46733624687499997 0.551976946875
3 0.27269935625 0.5806701390625 0.3186534984375 0.592584553125 0.3957124203125 0.5543681265625 0.360087703125 0.5329383328125 0.309787728125 0.5550162296875001 0.27269935625 0.5806701390625
3 0.2237998625 0.2989396125 0.2653407046875 0.3236412078125 0.3127927359375 0.303050646875 0.3144071 0.2695975734375 0.2550813125 0.27908194218750004 0.2237998625 0.2989396125
3 0.2596464328125 0.695238128125 0.2731324140625 0.720455221875 0.3023924296875 0.7208549421875 0.2901006234375 0.6896863671875 0.2596464328125 0.695238128125
3 0.36186931875 0.6866314671875 0.3323142671875 0.7007275125 0.3503073671875 0.7264223171874999 0.3905890296875 0.731186253125 0.3872479125 0.7089533796875 0.36186931875 0.6866314671875