2 0.4969402984375 0.6711517859375 0.5014134328125001 0.6585307546875 0.505885075 0.63328670625 0.47457910468750003 0.6154682546875 0.4544522390625 0.6162103171875 0.42314626874999994 0.6369990078125001 0.40861044843750005 0.670409721875 0.4164373140625 0.6904563484375 0.465634328125 0.6941686515625001 0.49135074687499997 0.6874861109375 0.4969402984375 0.6711517859375
2 0.6903731343749999 0.5664662703125 0.7011208953125 0.544402778125 0.6948447765625 0.527116071875 0.6646567171875 0.527116071875 0.6512388062500001 0.534540675 0.6501208953125001 0.5427083328125 0.6501208953125001 0.5590416671875 0.6601835828125 0.5612688484375 0.6814283578125 0.5664662703125 0.6903731343749999 0.5664662703125
2 0.7842925375 0.5100396828125 0.7619313437499999 0.500387896875 0.7418044781249999 0.4974186515625 0.7261522390625 0.501873015625 0.722797015625 0.515980159375 0.7473955218749999 0.530086309375 0.776465671875 0.52563194375 0.7842925375 0.5100396828125
2 0.85026119375 0.49593353125000006 0.856997015625 0.48201488125 0.8558522390625001 0.4647509921875 0.83125373125 0.46252281718750005 0.8066552234375 0.4647509921875 0.7965925375 0.47217460312500004 0.7943552234375 0.4937063484375 0.8088910453124999 0.502616071875 0.8357253734375 0.503358134375 0.85026119375 0.49593353125000006
2 0.57206119375 0.5154375 0.5573179109375 0.4989037703125 0.5360746265625 0.49667559531250005 0.51147611875 0.50632738125 0.507002984375 0.527116071875 0.5237746265625 0.5323134921875 0.5472552234375 0.5367688484375 0.567380596875 0.5278591265625 0.57206119375 0.5154375
2 0.500295521875 0.5783452375 0.5248940296875 0.5753759921875 0.5234552234375001 0.573369046875 0.52712985 0.5560724203125 0.5047671640625 0.5471626984375 0.4868776125 0.5471626984375 0.47234328281250004 0.5531021828125 0.46116119375000003 0.5634970234375001 0.46787015 0.573148809375 0.484641790625 0.5776031749999999 0.500295521875 0.5783452375
2 0.47457910468750003 0.6117559531250001 0.48352388125 0.6117559531250001 0.493285075 0.6090188484375 0.5014134328125001 0.591709325 0.487995521875 0.585027778125 0.468988059375 0.585027778125 0.4589253734375 0.585027778125 0.44886268593749995 0.5909672625 0.45109850781249994 0.6050744046875 0.4589253734375 0.6095287703125 0.47457910468750003 0.6117559531250001
2 0.47234328281250004 0.5248888890625001 0.4902328359375 0.5248888890625001 0.501665671875 0.5132093249999999 0.505885075 0.49519146875000003 0.4868776125 0.481084325 0.4701059703125 0.4847966265625 0.44215373125 0.49519146875000003 0.43320895468750004 0.5144950390624999 0.4376820890625 0.5234037703125 0.45109850781249994 0.524146825 0.47234328281250004 0.5248888890625001
2 0.507002984375 0.4112936515625 0.5081223875 0.401641865625 0.5014134328125001 0.3890208328125 0.465634328125 0.37639880937500003 0.4432716421875 0.377883928125 0.4410358203125 0.38085317500000004 0.4376820890625 0.3994146828125 0.44886268593749995 0.415005953125 0.48352388125 0.41946130937500004 0.500295521875 0.417976190625 0.507002984375 0.4112936515625
2 0.37283134375000004 0.502616071875 0.396311940625 0.5144950390624999 0.4354447765625 0.503358134375 0.4544522390625 0.481084325 0.48352388125 0.47514484062499995 0.500295521875 0.472917659375 0.50837015 0.46641865156250006 0.49582238749999996 0.4506438484375 0.4600432828125 0.444704365625 0.4410358203125 0.444704365625 0.40749253750000003 0.458810515625 0.39407611875000004 0.46623511874999995 0.3694776125 0.49222122968750004 0.3694776125 0.49667559531250005 0.37283134375000004 0.502616071875
2 0.4212134328125 0.418512896875 0.411965671875 0.40312698437499994 0.396311940625 0.3964454359375 0.3694776125 0.3964454359375 0.35047015 0.3994146828125 0.34376119374999997 0.40683928593749996 0.34376119374999997 0.4291130953125 0.3560597015625 0.43208234062499995 0.4212134328125 0.418512896875
2 0.32475373125 0.4773720234375 0.335934328125 0.47143253906249993 0.3269895515625 0.4558412703125 0.3292253734375 0.43727976249999995 0.316926865625 0.42762797656249996 0.2990373140625 0.42762797656249996 0.2878552234375 0.429855159375 0.2766746265625 0.45287103125000006 0.2878552234375 0.4677202375 0.30127313437500003 0.4773720234375 0.32475373125 0.4773720234375
2 0.6019358203125 0.5649811515625001 0.6164716421875001 0.5649811515625001 0.6298895515625 0.5605267859375 0.638834328125 0.5538452375 0.6433059703125 0.5389960312500001 0.6458104484375 0.5377182546875 0.6455417906250001 0.5263740078125 0.6209447765625 0.5189494046875 0.60305373125 0.5189494046875 0.58404626875 0.5263740078125 0.576219403125 0.5337986109374999 0.5795746265624999 0.5479047625 0.5885194031250001 0.556814484375 0.6019358203125 0.5649811515625001
2 0.64107015 0.500387896875 0.657841790625 0.501873015625 0.6927402984375 0.49204166718750003 0.690265671875 0.4847966265625 0.68467611875 0.47217460312500004 0.673495521875 0.4647509921875 0.650014925 0.46252281718750005 0.6321253734375001 0.46697817500000005 0.626534328125 0.473659721875 0.62877015 0.4914791671875 0.64107015 0.500387896875
2 0.69473880625 0.4439623015625 0.6893880593749999 0.43076785781250004 0.691385075 0.417233134375 0.67237611875 0.4157490078125 0.650014925 0.416491071875 0.637714925 0.42688591249999996 0.652250746875 0.44915872968750004 0.664550746875 0.44915872968750004 0.6779671640625 0.4484166671875 0.69473880625 0.4439623015625
2 0.6466597015625 0.3890208328125 0.65672388125 0.38085317500000004 0.6511328359374999 0.36303472187499997 0.638834328125 0.3593224203125 0.62877015 0.3593224203125 0.6131179109375 0.361549603125 0.6064089546875 0.3674890875 0.6086447765624999 0.38827777812500003 0.6298895515625 0.392733134375 0.6466597015625 0.3890208328125
3 0.6579477609375 0.5961646828125 0.6579477609375 0.5946795640625 0.6501208953125001 0.5724057546875 0.608750746875 0.5776031749999999 0.5740895515625 0.5902251984375 0.5740895515625 0.61992261875 0.6210507468750001 0.6228928578125 0.6344671640625 0.6214077375 0.649002984375 0.6073015875000001 0.6579477609375 0.5961646828125