3 0.44305312499999994 0.506846875 0.44175156250000003 0.4344640625 0.40400468749999996 0.446203125 0.4029953125 0.48778125 0.41962343750000003 0.508803125 0.44305312499999994 0.506846875
2 0.487309375 0.11754843749999999 0.45737187500000004 0.0999421875 0.43524375 0.0999421875 0.42613124999999996 0.1468921875 0.4508640625 0.1762375 0.47949843750000004 0.1723234375 0.4912140625 0.1449375 0.487309375 0.11754843749999999
2 0.5258765624999999 0.1739984375 0.52684375 0.20166875 0.54636875 0.20558125 0.5854171874999999 0.203625 0.5854171874999999 0.15471875 0.5724 0.1273296875 0.5411625 0.1292859375 0.5258765624999999 0.1739984375
1 0.4689640625 0.5801234375 0.48979062500000003 0.6133796874999999 0.5249328125 0.6094671875000001 0.5444578124999999 0.5879484374999999 0.5288390625 0.5429546875 0.5184249999999999 0.5429546875 0.49011250000000006 0.5414625 0.4689640625 0.5801234375
2 0.301353125 0.598996875 0.3143265625 0.5966359375 0.3279828125 0.5870546875 0.321403125 0.556509375 0.301353125 0.5576890624999999 0.284840625 0.5824734375 0.301353125 0.598996875
2 0.29466562500000004 0.6647234375 0.27447343750000003 0.6702421875 0.28059218750000003 0.699671875 0.297725 0.7171453125 0.31791874999999997 0.7015109374999999 0.3173078125 0.6840359375 0.3115765625 0.667725 0.29466562500000004 0.6647234375
2 0.570509375 0.411296875 0.55078125 0.412890625 0.5440515625 0.4368015625 0.5440515625 0.44875781249999996 0.5575125 0.4699109375 0.5832124999999999 0.47082968750000004 0.593615625 0.4441578125 0.5832124999999999 0.41105 0.570509375 0.411296875
2 0.5706125 0.2584 0.5810265625000001 0.2231875 0.5494796875 0.2091890625 0.532865625 0.234925 0.5406765625000001 0.2662265625 0.5706125 0.2584
2 0.6161703125 0.36990781250000004 0.6591234375 0.3679515625 0.6500125 0.29556875 0.622678125 0.2623125 0.6002609375 0.2854359375 0.597946875 0.3249140625 0.6161703125 0.36990781250000004
2 0.5823265625 0.5753171874999999 0.573215625 0.5166296874999999 0.5514328125 0.522971875 0.5367703125000001 0.544015625 0.5484859375 0.5831421875 0.5823265625 0.5753171874999999
2 0.6435046875 0.5850984375 0.6061203125 0.5552296875 0.580259375 0.554953125 0.58493125 0.6144406250000001 0.6304875 0.604659375 0.6435046875 0.5850984375
2 0.48470781250000006 0.675096875 0.4664859375 0.647709375 0.4498703125 0.6696 0.45346875000000003 0.7259609375 0.48600625 0.6985609375 0.48470781250000006 0.675096875
2 0.6295578125 0.5288375000000001 0.6291859375 0.567490625 0.6565203125 0.5753171874999999 0.6526156249999999 0.5166296874999999 0.6295578125 0.5288375000000001
2 0.4928390625 0.6197468749999999 0.48991562499999997 0.6672734375 0.5276625 0.659446875 0.5315671875 0.594890625 0.4928390625 0.6197468749999999
2 0.9177765625 0.42164999999999997 0.8891656250000001 0.40680781250000003 0.89631875 0.448490625 0.9213531250000001 0.45117343749999994 0.9177765625 0.42164999999999997
2 0.43228906250000004 0.7553546875 0.43228906250000004 0.7276203125 0.38624375 0.7340421874999999 0.386690625 0.773246875 0.42334843749999995 0.7768265624999999 0.43228906250000004 0.7553546875
2 0.537790625 0.370740625 0.49755781250000003 0.370596875 0.5011328125000001 0.4038421875 0.535109375 0.3886328125 0.537790625 0.370740625
2 0.5512015625 0.2669609375 0.5257203125000001 0.2726953125 0.520803125 0.30722031250000004 0.5681890625 0.3000625 0.5512015625 0.2669609375
2 0.4403359375 0.655153125 0.47520468749999994 0.6318921875 0.4609 0.6184734375 0.42156093749999995 0.622946875 0.39116093749999997 0.6381546874999999 0.41798437499999996 0.6587328125 0.4403359375 0.655153125
2 0.6160234375 0.5218515625 0.5874125 0.5140984375000001 0.58830625 0.5415328125000001 0.6017171875 0.5469015625 0.6160234375 0.5218515625
2 0.2458734375 0.543353125 0.22799062499999997 0.555671875 0.2387203125 0.580034375 0.259284375 0.5710875 0.2458734375 0.543353125
2 0.2646484375 0.5818234375 0.244978125 0.5889796875 0.23603749999999998 0.6095578125000001 0.2628609375 0.6041890624999999 0.2646484375 0.5818234375
2 0.2655421875 0.6846234375 0.2373796875 0.69515 0.2655421875 0.7436703125 0.283425 0.7195140624999999 0.2655421875 0.6846234375
2 0.462240625 0.5013046875 0.44525312499999997 0.5328734374999999 0.461346875 0.5603515625 0.48816875 0.52814375 0.462240625 0.5013046875
2 0.8216625000000001 0.3573515625 0.7926046875 0.36389218749999996 0.8171921875000001 0.408346875 0.8341796875 0.38687499999999997 0.8216625000000001 0.3573515625
2 0.630328125 0.39313750000000003 0.6160234375 0.361825 0.593671875 0.33945781249999996 0.5632718750000001 0.3585265625 0.5588015625 0.39045312499999996 0.5820484375 0.40745156250000003 0.630328125 0.39313750000000003
2 0.31322031250000004 0.41015781249999994 0.295696875 0.39864375 0.27467031249999996 0.43207500000000004 0.2913171875 0.4592515625 0.31322031250000004 0.4504859375 0.31322031250000004 0.41015781249999994