3 0.5121551156249999 0.4415165015625 0.514221121875 0.46626072656249995 0.5906650171875001 0.4648861390625 0.5782673265625 0.42502145156250004 0.5343564359374999 0.42395544531249996 0.5121551156249999 0.4415165015625
2 0.8633795375 0.47450990156249995 0.8675132015625 0.504750825 0.89643564375 0.5171237625 0.9253613859375 0.513 0.9439554453125 0.4813828390625 0.9439554453125 0.45801320156249997 0.8943712875 0.4483894390625 0.8633795375 0.47450990156249995
2 0.8861056109375 0.6166122109375001 0.915031353125 0.6028646859375 0.912965346875 0.5698745875 0.865744225 0.5537310234375 0.8365214515625 0.554752475 0.8323894390625 0.5753729375 0.8344554453124999 0.6166122109375001 0.8861056109375 0.6166122109375001
1 0.47608745937499997 0.5568597359375 0.47608745937499997 0.5458613859375 0.47766336562499995 0.5159603953125 0.4368333328125 0.49362541249999997 0.401711221875 0.5156204625 0.405843234375 0.5527343234375001 0.42856930625 0.5733547859375 0.47608745937499997 0.5568597359375
2 0.460526403125 0.3166105609375 0.43435148437500004 0.29917161718749996 0.416900990625 0.3166105609375 0.41939438906250004 0.33031188125 0.42951320156249995 0.3447343234375 0.46177227656250003 0.337785478125 0.460526403125 0.3166105609375
2 0.3086353140625 0.3341056109375 0.327090759375 0.3334603953125 0.34431683125 0.32740759062499997 0.34748679843749997 0.3095478546875 0.341658415625 0.288222771875 0.31057755781249996 0.29468481875 0.2921237625 0.312778878125 0.3086353140625 0.3341056109375
2 0.5532293734375 0.5871419140625 0.5522590765625 0.614283828125 0.5804273921875 0.6252706265625 0.6153927390625 0.614283828125 0.6151320124999999 0.6008679875 0.6134488453125 0.580033003125 0.5881963703124999 0.5729257421875 0.57556930625 0.5729257421875 0.5532293734375 0.5871419140625
2 0.768341584375 0.5693613859375 0.7766072609375 0.6009768984375 0.8137953796874999 0.6119752468749999 0.8285792078125 0.578658415625 0.801399340625 0.5611122109375 0.768341584375 0.5693613859375
2 0.7480544546875 0.6322887781250001 0.7063613859375 0.629844884375 0.658843234375 0.649090759375 0.660909240625 0.6944537953125 0.7373531359375 0.6848316828125001 0.772475246875 0.655963696875 0.7480544546875 0.6322887781250001
2 0.4336452140625 0.5776089109375 0.441909240625 0.613348184375 0.5038894390624999 0.6037260718749999 0.49719141875000006 0.580721121875 0.474966996875 0.5652359734375 0.4336452140625 0.5776089109375
2 0.4109207921875 0.664211221875 0.4315792078125 0.6779587453125 0.4631237625 0.6384768984375 0.4634158421875 0.6111650171874999 0.400590759375 0.616099009375 0.4109207921875 0.664211221875
2 0.311750825 0.5116237625 0.336531353125 0.5102524749999999 0.36545544531249996 0.49100825156249994 0.342336634375 0.4734603953125 0.28281353125 0.4772607265625 0.311750825 0.5116237625
2 0.4909967 0.6632293734375 0.45017491718749997 0.662836634375 0.441909240625 0.6917046203125 0.5038894390624999 0.6875808578125 0.4909967 0.6632293734375
2 0.3949867984375 0.518839934375 0.3447937296875 0.515752475 0.35305940625 0.5556171609375 0.42123762343750004 0.5597409234375 0.3949867984375 0.518839934375
2 0.6041980203125 0.9676188124999999 0.6198729375 0.937402640625 0.575851484375 0.9449570953125 0.5730181515625 0.9713960390624999 0.6041980203125 0.9676188124999999
2 0.229094059375 0.4454504953125 0.25177062656250004 0.4548927390625 0.28106105625 0.4548927390625 0.27427887812499996 0.40626402656250005 0.2328745875 0.40673597343749995 0.229094059375 0.4454504953125
2 0.657963696875 0.56631353125 0.6581155109375 0.5238234328125 0.62300495 0.527599009375 0.6390676562500001 0.5634818484374999 0.657963696875 0.56631353125
2 0.76756600625 0.5804768984375 0.7615099015625 0.55356600625 0.7250478546875 0.5483729375 0.7326072609375001 0.5984174921875 0.76756600625 0.5804768984375
2 0.3755462046875 0.41145709531249997 0.35381353125000004 0.439785478125 0.357594059375 0.4633910890625 0.382160065625 0.500216171875 0.3963316828125 0.48510891093749997 0.3916072609375 0.44356270625 0.3755462046875 0.41145709531249997
2 0.4983745875 0.64893564375 0.50656270625 0.618719471875 0.47758910937500004 0.619663365625 0.47191914218750003 0.6338267328125 0.4983745875 0.64893564375
2 0.4756666671875 0.2580181515625 0.46265676562499997 0.2391320125 0.4369273921875 0.250463696875 0.4463762375 0.27218151874999996 0.4756666671875 0.2580181515625
2 0.435037953125 0.277846534375 0.4274801984375 0.25707260781249996 0.40574752500000005 0.24763036249999998 0.41141749218749996 0.2759587453125 0.435037953125 0.277846534375
2 0.326470296875 0.2787904296875 0.31535313593750003 0.2490478546875 0.26411056093749996 0.2787904296875 0.2896221125 0.2976765671875 0.326470296875 0.2787904296875
2 0.5200742578125 0.486524753125 0.4867343234375 0.4685841578125 0.457714521875 0.4855808578125 0.4917293734375 0.513907590625 0.5200742578125 0.486524753125
2 0.6721039609374999 0.8661122109375 0.6651963703125 0.8354240921875 0.618247525 0.8613910890625001 0.6409240921875 0.8793316828125001 0.6721039609374999 0.8661122109375
2 0.6371452140625 0.5885033 0.61919306875 0.6130544546875 0.63431023125 0.6640429046875 0.6673795375 0.64893564375 0.69100165 0.6253300328125 0.6708630359375001 0.593224421875 0.6371452140625 0.5885033
2 0.573744225 0.3291435640625 0.6163349828125 0.3291435640625 0.6284950499999999 0.3106369640625 0.59318811875 0.28843069374999997 0.5644867984374999 0.30601155156250004 0.573744225 0.3291435640625