2 0.6117078125 0.5088859375 0.579465625 0.5096015625 0.5780062499999999 0.560115625 0.6085281250000001 0.5515765625 0.6117078125 0.5088859375
2 0.6090421874999999 0.31903281250000004 0.5875453125 0.36088906249999997 0.6435 0.37227343749999997 0.6562171875 0.4045296875 0.675928125 0.3988375 0.6714781249999999 0.346659375 0.642228125 0.3409671875 0.6244234375 0.31535156249999996 0.6090421874999999 0.31903281250000004
2 0.5842359375 0.42427187499999997 0.584365625 0.4614515625 0.6078921875 0.46335 0.6098 0.43014374999999994 0.5842359375 0.42427187499999997
2 0.5741921875 0.7269953124999999 0.579915625 0.752609375 0.593903125 0.752609375 0.6117078125 0.730790625 0.60725625 0.703278125 0.58328125 0.7087015625 0.5741921875 0.7269953124999999
2 0.52523125 0.7791734375 0.50504375 0.788340625 0.5176015625 0.8218640625000001 0.5424 0.8057359375 0.52523125 0.7791734375
2 0.381528125 0.8341984374999999 0.39488124999999996 0.83704375 0.4101421875 0.8180703125000001 0.41377968750000005 0.795553125 0.403146875 0.7934046875 0.3886421875 0.8153625 0.381528125 0.8341984374999999
2 0.5894515625000001 0.25291874999999997 0.598990625 0.2624046875 0.6161578125 0.240584375 0.61679375 0.21212343749999998 0.5937718750000001 0.20868437499999998 0.5894515625000001 0.25291874999999997
2 0.6554234375 0.7518421875 0.6431328125 0.7378484375000001 0.619271875 0.7460546875 0.6272249999999999 0.7699296875 0.6496390625 0.7728234375 0.6554234375 0.7518421875
2 0.5411859375 0.454628125 0.5607078125 0.46330937499999997 0.5664921875 0.44666875 0.5657687499999999 0.4018125 0.559984375 0.3345296875 0.5227484375 0.3484984375 0.5296171875 0.3880671875 0.5397390625 0.42713437499999996 0.5411859375 0.454628125
2 0.49709375 0.8071265625 0.47937812500000004 0.833378125 0.5002203125 0.8542343750000001 0.5189781250000001 0.83025 0.49709375 0.8071265625
2 0.5273156250000001 0.2205171875 0.5116828124999999 0.235115625 0.5200203125 0.26014375 0.5346109375 0.2445015625 0.5273156250000001 0.2205171875