2 0.21000165312500002 0.5170793484375 0.18652591406250002 0.5214322984375 0.1818205421875 0.5356766375 0.193598265625 0.5420704296875 0.2098228484375 0.5418615921875001 0.21366539375000002 0.5290446531249999 0.21000165312500002 0.5170793484375
2 0.2773057421875 0.5576349015625001 0.26697616874999996 0.5526352234374999 0.2608181609375 0.55579570625 0.2566224875 0.571518478125 0.2739044015625 0.5821584171875 0.2773057421875 0.5576349015625001
2 0.2259884015625 0.4271147578125 0.2131143734375 0.4365282828125 0.21651614062500002 0.44682397187499995 0.22789035625 0.44068215625 0.2259884015625 0.4271147578125
2 0.41630502031249994 0.5580551921875 0.39905725937500003 0.5484023828125 0.38713728125 0.5606189875 0.39404056875000004 0.5732350203125 0.41630502031249994 0.5580551921875
2 0.5110445609375 0.5713733703125 0.49287248437500003 0.57433329375 0.4859433390625 0.58261596875 0.4985591359375 0.5901653203125 0.5138791296874999 0.5882447390625 0.5110445609375 0.5713733703125
2 0.3956669609375 0.4575176140625 0.384305453125 0.44773872812500004 0.3622047015625 0.445973659375 0.364390246875 0.4594871125 0.3817237890625 0.46613904531249994 0.3956669609375 0.4575176140625
2 0.183069040625 0.5437242624999999 0.18982352656249998 0.5683068515625 0.2148538484375 0.5615545843749999 0.2101107453125 0.5455430734375 0.183069040625 0.5437242624999999
2 0.76429963125 0.4038105234375 0.75809349375 0.39056506562500004 0.74461071875 0.396114353125 0.7445848640625 0.417013059375 0.7614711546875 0.421759128125 0.76429963125 0.4038105234375
2 0.7654354390625 0.282714125 0.7565277671875 0.2704793703125 0.74026205625 0.27257800312499997 0.7344523765625001 0.2856232328125 0.757447209375 0.291198259375 0.7654354390625 0.282714125
2 0.8304639015624999 0.5031512515625 0.8194783187500001 0.4883271984375 0.79777669375 0.49245533437500005 0.79285893125 0.5093090874999999 0.8145128453125 0.5091700609375 0.8304639015624999 0.5031512515625
2 0.7490498609375 0.23807617187500002 0.7380774234375 0.22125867968750002 0.7169696875 0.21532468593749998 0.7164488687499999 0.23830663749999997 0.731943440625 0.2413301953125 0.7490498609375 0.23807617187500002
2 0.7472696625 0.5264380671875 0.7179828640625 0.53847685625 0.7127171921875 0.54544763125 0.733874390625 0.54739218125 0.74524819375 0.5412485984375001 0.7472696625 0.5264380671875
2 0.33765613125 0.3383805609375 0.3342287546875 0.36075925781249996 0.34791063437499997 0.3770595046875 0.38215323749999996 0.3675612328125 0.387846634375 0.3481682234375 0.404229540625 0.3146115 0.33765613125 0.3383805609375
2 0.54473215 0.3780902203125 0.53092569375 0.37192720156250003 0.5150866749999999 0.37494013593750003 0.5247177671875 0.3862911390625 0.5411041812499999 0.3893278890625 0.54473215 0.3780902203125
2 0.0964061640625 0.5424738640625 0.0817801671875 0.5241609578124999 0.05721219843749999 0.52707795 0.071273809375 0.549890103125 0.0863882546875 0.554925196875 0.0964061640625 0.5424738640625