2 0.584250853125 0.23669112656250002 0.5680784984375 0.23669112656250002 0.550435153125 0.2396262796875 0.5408805453125 0.24794027343749997 0.541614334375 0.25527645 0.54749488125 0.2694607515625 0.575428328125 0.26848293437500004 0.5958020484375 0.2653515359375 0.597481228125 0.2572337890625 0.597481228125 0.25332081875 0.5893959046874999 0.2386467578125 0.584250853125 0.23669112656250002
2 0.5717525593749999 0.6612303749999999 0.5724880546875 0.6690563140625 0.5805750859375001 0.674435153125 0.5916006828125 0.6773703078125 0.6114488046875 0.6798157 0.623208190625 0.67786006875 0.631064846875 0.6734044375 0.6452610921875 0.6519385671875 0.623208190625 0.6475358359375 0.5989505125 0.646068259375 0.5798378843750001 0.6485136515625001 0.5717525593749999 0.6612303749999999
2 0.7469624578125 0.3863583625 0.7469624578125 0.3785324234375 0.7366723546875 0.3702184296875 0.72932081875 0.368750853125 0.701387371875 0.3677730375 0.6962423203125 0.37315187656250004 0.705063140625 0.39613993125 0.7454931734375 0.3966296921875 0.7469624578125 0.3863583625
2 0.2678941984375 0.30272184375 0.254660409375 0.3051672359375 0.23996075156250002 0.31152559687500003 0.2384897609375 0.32130716718749996 0.24584129687499998 0.328155290625 0.2561314 0.328155290625 0.2723037546875 0.328155290625 0.2828515359375 0.318926621875 0.28112457343749997 0.31886348125 0.28259385625 0.3120153578125 0.2745085328125 0.30467918125 0.2678941984375 0.30272184375
2 0.3003071671875 0.55558703125 0.29736518749999996 0.5506962453125 0.2856040953125 0.5502064843750001 0.269431740625 0.5531416375 0.27016723593749997 0.5619453921875001 0.273843003125 0.5692815703125 0.2789897609375 0.5751518765625 0.299382253125 0.571390784375 0.3003071671875 0.56341296875 0.3003071671875 0.55558703125
2 0.6569453921874999 0.3423327640625 0.6613549484375 0.33059385625000004 0.6334232078124999 0.320322525 0.617250853125 0.3261911265625 0.60695904375 0.3374419796875 0.6165153578125 0.35309215 0.63636348125 0.3550494875 0.6569453921874999 0.3423327640625
2 0.5375358359375 0.6578515359375 0.5345955625000001 0.6505153578125 0.515482934375 0.6495358359375001 0.50372184375 0.6510034124999999 0.502252559375 0.6612747437500001 0.502252559375 0.6739914671875 0.5176877140625 0.6803498296875 0.5412116046875 0.6661655296875 0.5390068265625 0.6656774750000001 0.5375358359375 0.6578515359375
2 0.44333959062500006 0.26614675781249997 0.46108703125000006 0.2782815703125 0.48479522187499996 0.273614334375 0.5021842999999999 0.263346415625 0.5246023890625 0.24654436875000002 0.5544914671875001 0.22600853281250002 0.5274044375 0.2176075078125 0.499382253125 0.23627645 0.46295563125 0.24094368593749999 0.44333959062500006 0.24281057968750003 0.44333959062500006 0.26614675781249997
2 0.5975580203125 0.2833651875 0.610885665625 0.2913566546875 0.632209896875 0.2895802046875 0.6287849828125001 0.2704897609375 0.6135511953125 0.25939078437499996 0.60022355 0.2638310578125 0.5975580203125 0.2833651875
2 0.30612969218749997 0.5826006828125 0.2830290109375 0.5843754265625 0.2856945390625 0.6012457343750001 0.311791809375 0.5968071671875 0.30612969218749997 0.5826006828125
2 0.58245904375 0.616837884375 0.56586006875 0.619208190625 0.554477815625 0.6248959046875 0.554566553125 0.6355597265624999 0.572974403125 0.6405375421875 0.5909965875000001 0.63627133125 0.605699659375 0.6410102390625 0.6204010234374999 0.6405375421875 0.6317849828125001 0.6244215015625 0.61945221875 0.6116245734375 0.6038020484375 0.609254265625 0.58245904375 0.616837884375
2 0.5013583625 0.595982934375 0.49709044375 0.6144675765625001 0.508472696875 0.626791809375 0.5360819109375 0.623474403125 0.5336092156250001 0.6182593859375001 0.5378771328124999 0.5988276453125 0.5193805453125 0.5945614328125 0.5013583625 0.595982934375
2 0.4629419796875 0.619208190625 0.46056996562499997 0.636745734375 0.47811945468749995 0.6462252562499999 0.4980375421875 0.639114334375 0.5027815703125 0.625843003125 0.486655290625 0.6149419796875 0.4629419796875 0.619208190625
2 0.24933788437499999 0.3484044375 0.24316211562499998 0.357382253125 0.2498993171875 0.3683242328125 0.266252559375 0.357382253125 0.26169112656250004 0.3498071671875 0.24933788437499999 0.3484044375
2 0.20659385624999999 0.42023720156250005 0.21310580156249997 0.430928328125 0.2247337890625 0.43139249218750003 0.232337884375 0.42302559687499997 0.22054778125 0.41280034062500004 0.20659385624999999 0.42023720156250005