3 0.46617377031249996 0.5613786890625 0.48822950781249996 0.578824590625 0.531852459375 0.5777655734375 0.544168853125 0.5381622953125 0.4682262296875 0.5367967218749999 0.46617377031249996 0.5613786890625
2 0.8479344265625001 0.48626721249999993 0.8192016390625 0.498559015625 0.81509508125 0.5286016390625 0.8458836062499999 0.5545508203125 0.8951426234375001 0.5449901640625 0.8951426234375001 0.5217737703124999 0.8766704921875 0.49036393437500003 0.8479344265625001 0.48626721249999993
2 0.8643557375 0.43386229531250003 0.866408196875 0.40108852500000003 0.8376721312500001 0.387431146875 0.7863606562500001 0.387431146875 0.784308196875 0.4284 0.7884131140624999 0.4488852453125 0.8174442624999999 0.44989999999999997 0.8643557375 0.43386229531250003
1 0.431908196875 0.48742295156250004 0.4303426234375 0.4577180328125 0.4303426234375 0.446791803125 0.383136065625 0.43040491875000003 0.360559015625 0.4508901640625 0.35645409843750003 0.48776065625 0.3913459015625 0.509611475 0.431908196875 0.48742295156250004
2 0.388880328125 0.7027901640625001 0.41488360625 0.6854655734375 0.4161213109375 0.6644295078125 0.3840737703125 0.6575262296875 0.3740213109375 0.6718540984375 0.3715442625 0.6854655734375 0.388880328125 0.7027901640625001
2 0.299436065625 0.67473934375 0.2823229515625 0.6687262296875 0.263988525 0.6680852453125 0.24758524531249998 0.68927213125 0.26591803281250004 0.707247540625 0.29679508125 0.7136672125 0.30258524531250003 0.6924819671875 0.299436065625 0.67473934375
2 0.5687344265625 0.3897442625 0.5339983609375001 0.3788295078125 0.5060147546875 0.3897442625 0.5069786890625 0.416708196875 0.52917213125 0.430831146875 0.54171639375 0.430831146875 0.566803278125 0.4237704921875 0.568475409375 0.40307213124999997 0.5687344265625 0.3897442625
2 0.720680328125 0.43437213124999996 0.7535213109375001 0.44256721250000003 0.7805229515625001 0.425136065625 0.7658360656250001 0.3920377046875 0.728891803125 0.40296393437500005 0.720680328125 0.43437213124999996
2 0.6591065578124999 0.37428524531249996 0.7005262296875 0.3718573765625 0.7247868859375 0.34833770468749997 0.68989508125 0.319659015625 0.613952459375 0.3101 0.6119 0.3551655734375 0.6591065578124999 0.37428524531249996
2 0.38817868906249997 0.4261786890625 0.4292295078125 0.43847049218749995 0.451308196875 0.4230868859375 0.4579622953125 0.40023278749999996 0.396388525 0.3906737703125 0.38817868906249997 0.4261786890625
2 0.365603278125 0.3401442625 0.355340984375 0.387940984375 0.4177540984375 0.3928426234375 0.417463934375 0.3657098359375 0.3861262296875 0.32648688593749997 0.365603278125 0.3401442625
2 0.26708360625 0.491731146875 0.23833606562499998 0.525868853125 0.297468853125 0.5296442625 0.320436065625 0.512211475 0.2917016390625 0.49309344218750006 0.26708360625 0.491731146875
2 0.4579622953125 0.31692786875 0.396388525 0.312831146875 0.4046 0.3415098359375 0.4451540984375 0.341119671875 0.4579622953125 0.31692786875
2 0.375852459375 0.4439295078125 0.3081213109375 0.4480262296875 0.2999098359375 0.4876295078125 0.3497737703125 0.4845622953125 0.375852459375 0.4439295078125
2 0.5266377046875 0.0349737703125 0.5294524593750001 0.061239343749999994 0.5731852453124999 0.0687442625 0.5576131140625 0.0387262296875 0.5266377046875 0.0349737703125
2 0.184968853125 0.5574704921875 0.188724590625 0.595931146875 0.2298573765625 0.5964 0.23659508125 0.5480901640625 0.20749672187499998 0.5480901640625 0.184968853125 0.5574704921875
2 0.5922540984375 0.4402131140625 0.576296721875 0.47586065624999996 0.6111770484375 0.479611475 0.6110262296875 0.43739999999999996 0.5922540984375 0.4402131140625
2 0.685180328125 0.4055065578125 0.6776704921875 0.45522295156250003 0.7138934421875 0.450063934375 0.7199098359375 0.4233295078125 0.685180328125 0.4055065578125
2 0.30887049218749996 0.5630983609375 0.33046065625 0.591240984375 0.34641639375 0.5593459015625 0.3511098359375 0.5180721312500001 0.337031146875 0.503063934375 0.3126262296875 0.5396475406250001 0.30887049218749996 0.5630983609375
2 0.42620163906249997 0.3703295078125 0.4318344265625 0.38439999999999996 0.4606180328125 0.3853377046875 0.45248360625000006 0.355319671875 0.42620163906249997 0.3703295078125
2 0.40082622968750004 0.729603278125 0.39143934375 0.7511786890625001 0.417 0.762436065625 0.42992459062500005 0.7436737703125 0.40082622968750004 0.729603278125
2 0.36609672187500003 0.7258508203125 0.360463934375 0.7539934421875001 0.3820540984375 0.7446131140625 0.38956229531250003 0.723975409375 0.36609672187500003 0.7258508203125
2 0.2451 0.704275409375 0.21975573750000002 0.7230377046875 0.2706622953125 0.7525852453125 0.2817065578125 0.7230377046875 0.2451 0.704275409375
2 0.4458819671875 0.4894622953125 0.4120901640625 0.517603278125 0.440919671875 0.534488525 0.47404098437500003 0.5166655734375001 0.4458819671875 0.4894622953125
2 0.5940983609375 0.12643442656249998 0.5715704921875 0.14425737656249998 0.6182114750000001 0.1700540984375 0.6250737703125 0.13956721249999998 0.5940983609375 0.12643442656249998
2 0.5725098359375 0.3909655734375 0.5903442625 0.4153557375 0.623840984375 0.4106655734375 0.643847540625 0.37877049218750003 0.620380328125 0.355319671875 0.58752786875 0.340311475 0.5725098359375 0.3909655734375
2 0.527359015625 0.6730147546875 0.5181622953125 0.69599508125 0.5466754093749999 0.71346065625 0.5817508203124999 0.6914 0.5696704921875 0.6730147546875 0.527359015625 0.6730147546875