2 0.6986765625 0.457209375 0.6852406249999999 0.44980624999999996 0.6816578125 0.44980624999999996 0.6742250000000001 0.45134375000000004 0.6713578124999999 0.4699984375 0.6704625 0.495575 0.68345 0.500959375 0.6901671875 0.50163125 0.6977796875 0.4928828125 0.7004671874999999 0.476728125 0.7004671874999999 0.46192031250000004 0.6986765625 0.457209375
2 0.3233921875 0.46596093749999995 0.32563125 0.4484609375 0.3242875 0.42625 0.32025625 0.4060578125 0.3006015625 0.41905625 0.296521875 0.42625 0.29473125 0.43701718749999996 0.2969703125 0.455190625 0.2996578125 0.4652859375 0.30458281249999997 0.472690625 0.31174843750000003 0.47336406249999996 0.3233921875 0.46596093749999995
2 0.5540234374999999 0.3142828125 0.5544718750000001 0.3513015625 0.5755203125 0.359378125 0.5804453125 0.3546671875 0.57955 0.32909062499999997 0.57820625 0.322359375 0.57059375 0.3129375 0.563428125 0.3129375 0.5540234374999999 0.3142828125
2 0.6382156250000001 0.745528125 0.6314984375 0.7381249999999999 0.625228125 0.7394703125000001 0.6251703125 0.7378890625000001 0.6167203125 0.747546875 0.6167203125 0.7623546875 0.6167203125 0.7717765625 0.622990625 0.7785078125 0.631946875 0.7771609374999999 0.63776875 0.7637015625 0.6400078125 0.751584375 0.6382156250000001 0.745528125
2 0.40131249999999996 0.72190625 0.3940078125 0.722753125 0.39056406250000003 0.741425 0.3959390625 0.7461375 0.40265625 0.749503125 0.41071718749999997 0.7501765625 0.41340468750000003 0.73536875 0.41295624999999997 0.7246 0.40847812499999997 0.72190625 0.40131249999999996 0.72190625
2 0.5920953124999999 0.4142046875 0.5938875 0.43237812499999995 0.6082171875 0.441128125 0.61851875 0.4317046875 0.6238921875 0.41689687500000006 0.6144875 0.391321875 0.6037390625 0.395359375 0.5920953124999999 0.4142046875
2 0.30767656250000003 0.503346875 0.3072296875 0.501328125 0.2942421875 0.5228671874999999 0.3000640625 0.537 0.3117078125 0.537 0.3211125 0.5356546875 0.32245625 0.5248859375 0.321559375 0.5073859374999999 0.3148421875 0.50469375 0.30767656250000003 0.503346875
2 0.6948640625 0.5909421874999999 0.6965734375 0.57298125 0.700846875 0.539628125 0.717940625 0.5139703124999999 0.7102484375 0.48916875 0.6914453125 0.5165359375 0.6760609375 0.5370625 0.6666593749999999 0.5529843750000001 0.6623859375000001 0.5746921875 0.673496875 0.5909421874999999 0.6948640625 0.5909421874999999
2 0.6756171875 0.4472953125 0.6796828125000001 0.4350921875 0.6695203125 0.42114375 0.6520406249999999 0.41800781249999996 0.6504140625 0.43753281250000003 0.65773125 0.4497359375 0.6756171875 0.4472953125
2 0.3707359375 0.711390625 0.366671875 0.7352859375 0.38211875 0.7377265625 0.38374375 0.716575 0.3707359375 0.711390625
2 0.35933906250000003 0.44401875 0.35716875 0.42968906249999994 0.3454515625 0.418396875 0.3306953125 0.42882031249999997 0.3302625 0.44228125 0.3346015625 0.45574375 0.3306953125 0.4722453125 0.33525312500000004 0.4891 0.3450171875 0.48918125 0.350225 0.478759375 0.3523953125 0.46356093749999994 0.35933906250000003 0.44401875
2 0.3727921875 0.5213171875 0.3688859375 0.50438125 0.35109375 0.5082890625 0.34631875 0.506025 0.34328125 0.5313046875 0.354565625 0.5417265625 0.37149062499999996 0.53781875 0.3727921875 0.5213171875
2 0.35413125 0.55128125 0.34415 0.536515625 0.3319984375 0.5408593749999999 0.32548750000000004 0.559096875 0.33416718749999996 0.575165625 0.350225 0.57299375 0.35413125 0.55128125
2 0.5968953124999999 0.7572640625 0.5899593750000001 0.7530875 0.579940625 0.7680609375 0.5899593750000001 0.7742296875 0.5981796875 0.768575 0.5968953124999999 0.7572640625
2 0.5392171875 0.7949359375 0.5298546875000001 0.784140625 0.52219375 0.791103125 0.52261875 0.80175 0.5324078125 0.8077125 0.5392171875 0.7949359375