2 0.7431466203125 0.23283757500000002 0.7440460328125 0.262365565625 0.79134158125 0.2623487390625 0.8175946156249999 0.2525541375 0.8248788421875 0.2238299734375 0.8119875203125 0.1997256890625 0.7808661921875 0.2002359453125 0.7534262140625 0.2052364921875 0.7431466203125 0.23283757500000002
2 0.783991534375 0.358747996875 0.795025959375 0.37304197031249997 0.827366403125 0.3748517453125 0.8448255703124999 0.37189504218749997 0.84947490625 0.354242471875 0.8391429953125 0.32566201875 0.8055079671875 0.3281265640625 0.7867156468750001 0.33865647499999996 0.783991534375 0.358747996875
2 0.7839144265625 0.365343621875 0.7628124625 0.360512225 0.7301844984375 0.3834353078125 0.74479424375 0.411288825 0.77801144375 0.40250724687500006 0.7836445515625 0.3884283109375 0.7839144265625 0.365343621875
2 0.698855484375 0.5181661531249999 0.7264922375 0.500220571875 0.7305374734375001 0.4698368765625 0.68455415625 0.4639312125 0.6330953296875 0.50068094375 0.6352025703125 0.5333555015625 0.6688456078125 0.5300669703125 0.698855484375 0.5181661531249999
2 0.5295272343749999 0.5232173734375001 0.542029740625 0.5183963328125001 0.55482835 0.5014336015625 0.5525117374999999 0.473482003125 0.5363760703125 0.46969075781249997 0.5077169890625 0.47237019687500004 0.481533053125 0.476393159375 0.46386183125 0.49748837031250004 0.46125337968749996 0.507686453125 0.46853898125000004 0.5232615796875 0.4883945640625 0.5282442234375 0.5295272343749999 0.5232173734375001
2 0.341430303125 0.653232215625 0.34247429375 0.6703931421875 0.357334646875 0.6768103359375 0.39098731875000003 0.6726976203125 0.4112939703125 0.6499233390625 0.4001650953125 0.6328817953125 0.372782953125 0.6329350828125 0.3514785734375 0.6454180093749999 0.341430303125 0.653232215625
2 0.3800848109375 0.5406578234375 0.390347071875 0.5264762296875001 0.3581219875 0.5030006218749999 0.32433437187499997 0.5186562203125 0.29298972968750003 0.5381293671875 0.3126718140625 0.5579527078125001 0.35499305468750003 0.5577197140625 0.3800848109375 0.5406578234375
2 0.35222074062500003 0.581934309375 0.363255165625 0.5962282828125 0.373197409375 0.5974833265624999 0.3981927875 0.58866543125 0.40203799843750004 0.579139209375 0.4034289734375 0.5666198203125 0.37978601562500003 0.566216140625 0.359843690625 0.56865330625 0.35222074062500003 0.581934309375
2 0.350858684375 0.5919800687500001 0.33759708125 0.569983928125 0.3012711234375 0.5749884921875 0.282478815625 0.585517328125 0.30714648125 0.604731375 0.31948512500000004 0.6139268453125 0.343206815625 0.6077347 0.350858684375 0.5919800687500001
2 0.1499225234375 0.5325619984375 0.16966244375 0.5474380828125 0.1895565796875 0.5491229125 0.21576141093749998 0.5434513859375001 0.22247697031250002 0.5222843562499999 0.22132531093750002 0.493373828125 0.1864535234375 0.49516651093749997 0.1514484421875 0.5084997296875 0.1499225234375 0.5325619984375
2 0.0954583734375 0.5169893984375 0.11044403437500001 0.5126878984375 0.1166952828125 0.5102779140625 0.12810562187500002 0.4924168703125 0.122247615625 0.47770731718750004 0.1159886515625 0.4642597859375 0.07864498125 0.464707471875 0.0623936546875 0.47080966562500004 0.052316465624999996 0.4810975 0.045968826562499995 0.491752553125 0.054520096875 0.5055269890625 0.0742889359375 0.51792944375 0.0954583734375 0.5169893984375
2 0 0.502310621875 0.0198536921875 0.49988428906250004 0.035061040625 0.47662009687499995 0.0353309171875 0.453535409375 0.0080355296875 0.44616781093749996 0 0.448804809375 0 0.502310621875
2 0.1304573484375 0.19492522343750002 0.0980318 0.20053398437499997 0.08295939531249999 0.212255296875 0.0777617625 0.23100309531250002 0.0875112375 0.24874720312499998 0.10486439375 0.2548586765625 0.123541040625 0.25422328125 0.15364729531250002 0.23407846875 0.1602471640625 0.2019869 0.1304573484375 0.19492522343750002
2 0.074905790625 0.1559116390625 0.0888557921875 0.14206476875000001 0.05901108125 0.1315093359375 0.0303423640625 0.135012959375 0.0165549078125 0.143284134375 0.0225555640625 0.1623093953125 0.0374448328125 0.166252965625 0.074905790625 0.1559116390625
2 0.055734603125000004 0.18871655468749998 0.056715359374999996 0.1781124921875 0.044758015625 0.1694753234375 0.0185820875 0.1726743 0.0134615640625 0.1848264734375 0.0220513984375 0.195302021875 0.0345169765625 0.19377859375 0.055734603125000004 0.18871655468749998
2 0.6817626890625 0.3731893765625 0.6680234234375 0.37733855625 0.6654631609375 0.38341464375 0.6616275968750001 0.3921156046875 0.66147338125 0.4053068546875 0.6663722078125 0.4121184484375 0.6963049765625 0.4068132578125 0.712861365625 0.389468646875 0.6992122234375 0.37105685781250003 0.6817626890625 0.3731893765625
3 0.4498434609375 0.3023160296875 0.3661159328125 0.28933985624999997 0.3590912125 0.334592359375 0.44329413593749994 0.3543749125 0.4498434609375 0.3023160296875
1 0.287454634375 0.536329275 0.3311841859375 0.4994690609375 0.2956402359375 0.44507752656250005 0.25377149062500004 0.45449201875 0.212392578125 0.475307496875 0.2379748234375 0.5094269609375 0.2526981109375 0.5463067796875001 0.287454634375 0.536329275
2 0.6622887890625 0.8816098578125 0.625230303125 0.9033295390625 0.6326570484375 0.9346545468749999 0.6852276796875 0.9282298546875 0.70573501875 0.89993753125 0.6622887890625 0.8816098578125
2 0.38704423593750004 0.39952550625 0.3369453515625 0.3769965328125 0.271685628125 0.403595984375 0.29948435 0.43314688281249997 0.355854890625 0.42625780156250004 0.38704423593750004 0.39952550625
2 0.42825905625000005 0.46089858906250003 0.41042669218750005 0.45552471250000004 0.3786759890625 0.46281627500000005 0.3549347359375 0.477899496875 0.35479781718750003 0.48961130312499995 0.3679300421875 0.50018819375 0.3870124578125 0.5056521203125001 0.412794225 0.5049381000000001 0.4305567671875 0.497407040625 0.43748432187499997 0.4717090578125 0.42825905625000005 0.46089858906250003
2 0.6367532625 0.4912119921875 0.6400514187499999 0.4744852421875 0.60973556875 0.47161148124999996 0.584473159375 0.49077860156249997 0.564470425 0.501020225 0.5768591890625 0.5121746859375 0.61964291875 0.505971559375 0.6367532625 0.4912119921875