2 0.209375 0.4200819671875 0.2265625 0.4057377046875 0.2328125 0.3934426234375 0.228125 0.3790983609375 0.215625 0.3709016390625 0.19375 0.36782786875 0.1609375 0.36782786875 0.13125 0.37602459062500004 0.121875 0.3852459015625 0.121875 0.408811475 0.13125 0.41803278749999995 0.209375 0.4200819671875
2 0.23944843750000003 0.7138206968749999 0.205296875 0.682498975 0.1602171875 0.67623463125 0.12333281250000001 0.7129252046875 0.1820734375 0.7361926234375 0.23944843750000003 0.7138206968749999
2 0.5436203125 0.5955358609375 0.5946234375 0.6082223359375 0.6233109375 0.595693646875 0.60965 0.566162909375 0.5618375 0.5634774593749999 0.541346875 0.5706372953125001 0.5436203125 0.5955358609375
2 0.520353125 0.61785758125 0.5106468750000001 0.586054303125 0.49366093749999995 0.57492315625 0.45214687500000006 0.6015584015625 0.4888078125 0.6186526640625 0.520353125 0.61785758125
2 0.5021546875 0.5502756140625 0.511859375 0.5240379093749999 0.49244843749999995 0.5152920078125 0.459421875 0.52642315625 0.471821875 0.5494805328125001 0.5021546875 0.5502756140625
2 0.40145156249999997 0.4159057375 0.412371875 0.4318073765625 0.40145156249999997 0.4214713109375 0.412371875 0.45804508125 0.45119687500000005 0.439758196875 0.44391718750000003 0.4214713109375 0.4245046875 0.41431557343750003 0.40145156249999997 0.4159057375
2 0.386671875 0.3904631140625 0.3868921875 0.40795491874999995 0.43421093749999995 0.40954508125 0.46211562500000003 0.40954508125 0.44149062499999997 0.38648770468750004 0.413584375 0.38251229531250003 0.386671875 0.3904631140625
2 0.20975468749999998 0.33242213125000003 0.2291671875 0.311748975 0.1806359375 0.3022079921875 0.138171875 0.3125440578125 0.167290625 0.336397540625 0.20975468749999998 0.33242213125000003
2 0.2934703125 0.38807786875 0.2934703125 0.369790984375 0.257071875 0.3618401640625 0.2466265625 0.38092213125 0.2728453125 0.40795491874999995 0.2934703125 0.38807786875
2 0.3517078125 0.3872827875 0.3796125 0.35945491875 0.36747968750000004 0.34673360625 0.32847031250000003 0.3630327875 0.30924375 0.3833073765625 0.3517078125 0.3872827875
2 0.579459375 0.4357827875 0.599215625 0.45725 0.6307609375000001 0.45406967187499997 0.638040625 0.4318073765625 0.6149890625000001 0.42067622968749996 0.5858703125 0.42544672187500004 0.579459375 0.4357827875
2 0.59315 0.7267848359375 0.6331875 0.7275799187499999 0.657453125 0.6639733609375 0.636828125 0.6369395484375 0.60285625 0.634554303125 0.5603906249999999 0.6528422125 0.550359375 0.6588053281249999 0.550684375 0.6854405734375 0.5858703125 0.6918012296875 0.59315 0.7267848359375
2 0.7144765625 0.6321690578125 0.72054375 0.6170625000000001 0.696278125 0.602751025 0.6695859375000001 0.621037909375 0.676865625 0.6353493859375 0.7144765625 0.6321690578125
2 0.8595499999999999 0.321289959375 0.8708750000000001 0.350709015625 0.8999937499999999 0.3387827875 0.8939265625000001 0.321289959375 0.8595499999999999 0.321289959375
2 0.84296875 0.23065061406249998 0.8648078124999999 0.24893749999999998 0.885434375 0.245757171875 0.8793671875 0.22826536874999998 0.84296875 0.23065061406249998
3 0.7831609375 0.2604661890625 0.8126374999999999 0.2815358609375 0.828409375 0.2545030734375 0.80293125 0.2465522546875 0.7831609375 0.2604661890625
2 0.68171875 0.6011608609375 0.7156906249999999 0.6051362703125001 0.7460218750000001 0.627398565625 0.744809375 0.6083165984375001 0.7278234375 0.5804887296875 0.7533015625 0.5550461062500001 0.735103125 0.5144969265625 0.6792921875 0.53357889375 0.6792921875 0.579693646875 0.6703984375 0.603943646875 0.68171875 0.6011608609375
2 0.7649734375 0.43816803281250005 0.8162765625 0.44691393437500004 0.8114234375 0.423061475 0.7883718749999999 0.41193032812499997 0.7649734375 0.43816803281250005
2 0.8559125 0.3833073765625 0.886646875 0.40875000000000006 0.9060593750000001 0.399209015625 0.9012062500000001 0.3689959015625 0.8559125 0.3833073765625
2 0.337378125 0.31572438593749996 0.34223125 0.293462090625 0.32281875000000004 0.2719948765625 0.2830015625 0.29505225468749996 0.30340625 0.308568646875 0.337378125 0.31572438593749996
3 0.1934828125 0.4360358609375 0.1924421875 0.424444671875 0.169553125 0.422740778125 0.162434375 0.4314334015625 0.17059375000000002 0.446603484375 0.1934828125 0.4360358609375