2 0.6617801046875 0.081632653125 0.659162303125 0.076138146875 0.6560209421875001 0.0745682890625 0.654973821875 0.06750392499999999 0.6366492140625 0.06750392499999999 0.630890053125 0.0745682890625 0.6246073296875 0.07535321874999999 0.6246073296875 0.1130298265625 0.627748690625 0.11538461562499999 0.6319371734375 0.1240188390625 0.640837696875 0.12951334375 0.6560209421875001 0.127943484375 0.6617801046875 0.1208791203125 0.662827225 0.11616954531250001 0.6617801046875 0.081632653125
2 0.5774869109375 0.5094191515625 0.55863874375 0.5094191515625 0.5575916234375 0.5455259031249999 0.5659685859375 0.5510204078125 0.5790575921875 0.5510204078125 0.580628271875 0.540031396875 0.5827225125 0.5384615390625 0.5827225125 0.5235478812500001 0.580628271875 0.5219780218750001 0.5795811515625 0.5125588703124999 0.578010471875 0.5125588703124999 0.5774869109375 0.5094191515625
2 0.6931937171875 0.306907378125 0.6926701578125 0.3500784921875 0.70157068125 0.356357928125 0.7104712046875 0.356357928125 0.7198952875 0.348508634375 0.7219895281250001 0.34458398749999997 0.7219895281250001 0.3139717421875 0.7167539265625 0.306907378125 0.7146596859375001 0.2998430140625 0.6994764390625 0.2998430140625 0.6931937171875 0.306907378125
2 0.6497382203125001 0.5007849296875 0.6497382203125001 0.4976452125 0.6293193718750001 0.4976452125 0.6282722515625 0.5047095765625 0.6256544500000001 0.506279434375 0.6246073296875 0.5502354781250001 0.627748690625 0.5525902671875 0.62984293125 0.558084771875 0.6366492140625 0.56200941875 0.6445026171875 0.56200941875 0.65287958125 0.554160125 0.659162303125 0.5368916796875001 0.659162303125 0.519623234375 0.6581151828125 0.514128728125 0.6497382203125001 0.5007849296875
2 0.6010471203125001 0.014128728125 0.5989528796875 0.0149136578125 0.5989528796875 0.058084771874999996 0.6020942406249999 0.06279434843750001 0.609424084375 0.06750392499999999 0.6188481671875 0.06750392499999999 0.6282722515625 0.054945054687499995 0.6282722515625 0.025902668750000003 0.6225130890624999 0.018838304687499998 0.62146596875 0.014128728125 0.6010471203125001 0.014128728125
2 0.7596858640625 0.3396475671875 0.7596858640625 0.3357229203125 0.7554973828125 0.32865855625 0.7382198953125 0.32865855625 0.733507853125 0.33336813125 0.73298429375 0.36712009375 0.7366492140625 0.36947488281249996 0.73874345625 0.3741844578125 0.7513089 0.38203375156249997 0.7539267015625 0.38203375156249997 0.762303665625 0.3733995296875 0.7654450265625 0.352991365625 0.7633507859375 0.350636578125 0.762303665625 0.341217425 0.7596858640625 0.3396475671875
2 0.829319371875 0.257456828125 0.823560209375 0.247252746875 0.8209424078125 0.2433281 0.8052356015625 0.2433281 0.803664921875 0.24960753593749999 0.7973821984375 0.2543171109375 0.7968586390625 0.2998430140625 0.8057591625 0.31004709531249997 0.8141361249999999 0.3116169546875 0.8151832453125 0.3139717421875 0.8225130890625 0.3139717421875 0.829319371875 0.3076923078125 0.83560209375 0.2935635796875 0.83560209375 0.2755102046875 0.8303664921875 0.2676609109375 0.829319371875 0.257456828125
2 0.662017278125 0.26523547812500003 0.6739612562499999 0.288903453125 0.6932560203125 0.279937990625 0.6889680625 0.213777865625 0.7079565437500001 0.19264285781249998 0.711019371875 0.171508634375 0.72265706875 0.143941915625 0.71285706875 0.116375196875 0.6963188484375 0.1283202515625 0.6748801046875 0.1816161703125 0.66017958125 0.2202095765625 0.662017278125 0.26523547812500003
2 0.4966345546875 0.5601122453125 0.49357225156249995 0.584003925 0.501535078125 0.594111459375 0.512560209375 0.5803281 0.508885340625 0.55643720625 0.4966345546875 0.5601122453125
2 0.5444120421875 0.55613186875 0.531548690625 0.5693014125 0.533998953125 0.58951726875 0.5535994765625001 0.57849058125 0.5517623031250001 0.5628689171875 0.5444120421875 0.55613186875
2 0.5548246078125 0.6207590265625 0.5676879578125 0.6207590265625 0.5728942406249999 0.5905682890625 0.5548246078125 0.5922739406249999 0.5548246078125 0.6207590265625
2 0.60750209375 0.544491365625 0.614239790625 0.5297888546875 0.606889528125 0.5148076921875 0.5995392671875 0.5371405031250001 0.60750209375 0.544491365625
2 0.707037696875 0.4652189953125 0.7012188484374999 0.4903642078125 0.7189821984375 0.499552590625 0.728782721875 0.4848508640625 0.7232696328125 0.471985871875 0.707037696875 0.4652189953125