2 0.5447111046875001 0.3458231671875 0.57193448125 0.369015590625 0.5918362625 0.37190171875 0.626654809375 0.3570352671875 0.647495515625 0.3267117296875 0.6437567171875 0.3055429703125 0.5961970484375 0.2930405921875 0.5696400984375 0.2950058953125 0.560940153125 0.31010357499999996 0.5540665578125 0.3217413609375 0.5447111046875001 0.3458231671875
2 0.36797975625 0.42194803593749997 0.3826109265625 0.41704064062499996 0.3853150484375 0.40918990781250003 0.3885282984375 0.393088528125 0.3790892859375 0.38908428125 0.359258678125 0.38014208125 0.3504788125 0.3785343234375 0.3355886609375 0.3983526578125 0.3383482625 0.4165219578125 0.36797975625 0.42194803593749997
2 0.2873507046875 0.40414829531249996 0.2579402046875 0.4033142625 0.2471901796875 0.417278275 0.2672403171875 0.43081224999999995 0.2864119734375 0.43735698437500004 0.30265194375000004 0.43577924843750004 0.308720603125 0.4224755203125 0.2873507046875 0.40414829531249996
2 0.1917468140625 0.45567941875000006 0.21633015625000002 0.45790428437499997 0.227667765625 0.452394790625 0.2340997625 0.43157096250000004 0.221584740625 0.4201750640625 0.19539113125000002 0.41462026874999997 0.17966266250000001 0.419326728125 0.1703128140625 0.43183700468749997 0.16804016718749998 0.44906148906250004 0.1917468140625 0.45567941875000006
2 0.5227268921875 0.450285115625 0.50728695 0.442146925 0.485115753125 0.43353437812499995 0.46360861875000003 0.43870018593750004 0.4565706140625 0.4501041078125 0.46778940625 0.4690530359375 0.48820268906250003 0.4750678875 0.514246475 0.46997456875 0.5227268921875 0.450285115625
2 0.5156773078125 0.40173181874999997 0.5086676703124999 0.41812232656250004 0.5288652593750001 0.43092504531250003 0.5464249890625 0.434140559375 0.5618598265625 0.4308978609375 0.5748807296875 0.4226605359375 0.5701942578125 0.4119399296875 0.55460813125 0.4045342484375 0.5393889875 0.4009890796875 0.5146598546875001 0.3994947609375 0.5156773078125 0.40173181874999997
2 0.552304596875 0.372011146875 0.5409208015625 0.38761384374999996 0.5527768703125 0.3966122734375 0.571433903125 0.40002872343749996 0.581311065625 0.401837415625 0.5923567046875 0.397790971875 0.5929373984375 0.3834822953125 0.5861311375 0.37768436875 0.5712041609375 0.3726751734375 0.562424296875 0.371067415625 0.552304596875 0.372011146875
2 0.525229934375 0.46495371093750004 0.5175436765625 0.4819572859375 0.5334254125 0.4992805390625 0.5506181640625 0.49863553281249995 0.58010003125 0.4934125171875 0.59267748125 0.4759908359375 0.5900394265625 0.46640460937499995 0.57701654375 0.46326060468749997 0.5563094343749999 0.45871048906249995 0.53874970625 0.45549497656250004 0.525229934375 0.46495371093750004
2 0.501045965625 0.5874239125 0.5336822999999999 0.606297715625 0.5559248609375 0.6088532125 0.5587035984375001 0.6063280046874999 0.5656470984374999 0.5886329015625 0.5577398984374999 0.5712534171875 0.5245942390625 0.5606312421874999 0.5078396421875 0.5590806921875 0.4999411875 0.564462715625 0.49694363125 0.57377623125 0.501045965625 0.5874239125
2 0.65085191875 0.5094035625 0.6517282234375 0.5050124546875 0.649604990625 0.49855353437499994 0.628894240625 0.4826228 0.588291921875 0.48656771093750006 0.5652529734375 0.5051087562500001 0.535548840625 0.5057384828125 0.51864825625 0.5049194609375001 0.5094439515625 0.5098748203125 0.5186570046875 0.527680965625 0.552607990625 0.5399671296874999 0.5712650203125 0.543383578125 0.6069649796875 0.53550690625 0.621594684375 0.5305992421875 0.65085191875 0.5094035625
2 0.6512511484375 0.6043085953125 0.659297053125 0.5981953140625 0.6636789734375 0.5762378203125 0.652191346875 0.5711001765625 0.585569315625 0.5727660218749999 0.5916197140625 0.5895956531250001 0.6056703859375 0.5989959546875 0.63200998125 0.603819225 0.6512511484375 0.6043085953125
2 0.6853996265625 0.5529037953125 0.679553428125 0.570799834375 0.6897264 0.58252511875 0.70728613125 0.5857406328125 0.7187002140625001 0.585554975 0.7342025828125001 0.564875584375 0.7261493953125 0.548227625 0.714877659375 0.5363011375 0.6918299640625001 0.532080675 0.6796870265625 0.5359261828124999 0.6853996265625 0.5529037953125
2 0.4485559171875 0.4063564890625 0.4369934765625 0.395894296875 0.422725646875 0.39328159218750003 0.4086788125 0.3952609296875 0.3985844890625 0.4002398359375 0.3912740078125 0.414074421875 0.388564328125 0.41488389375 0.38659628125 0.42611532499999993 0.409279171875 0.43785561875 0.42684036875000003 0.44107139999999995 0.44695803749999996 0.4371686859375 0.4561012421875 0.43125634062499996 0.455582975 0.4167474390625 0.4485559171875 0.4063564890625
2 0.3335137640625 0.451476528125 0.33451745312500003 0.45906347500000005 0.337520828125 0.47251092968749997 0.3470348484375 0.48183874531250004 0.369644196875 0.4882557390625 0.3880804265625 0.4870791671875 0.39488285156249997 0.481497453125 0.3961938625 0.4635291953125 0.38587324375 0.452536146875 0.3697029796875 0.448057540625 0.3335137640625 0.451476528125
2 0.3384934703125 0.5303460453125 0.3605883875 0.5336337796875 0.374706590625 0.5255973890625001 0.3648204828125 0.50102816875 0.352747253125 0.498817334375 0.339432203125 0.49713735937500003 0.3220934671875 0.49851388906249994 0.324749825 0.5124827140625 0.320126946875 0.525466278125 0.3384934703125 0.5303460453125
2 0.360316084375 0.59200019375 0.37019471249999997 0.593809153125 0.3859965296875 0.5944269734375001 0.39375026874999997 0.589777721875 0.39564541875 0.5688823843749999 0.375668825 0.5606717078125001 0.358477540625 0.5613169828125 0.346992090625 0.5675596890625 0.3489746375 0.5861300468749999 0.360316084375 0.59200019375
3 0.43278732187499996 0.38222659062500003 0.4692926078125 0.3760139046875 0.4751349703125 0.3467382234375 0.429623915625 0.33536924218749997 0.416162684375 0.3344217703125 0.3991197546875 0.345714890625 0.38814893125 0.355085884375 0.387856765625 0.3565499125 0.3911574109375 0.3799142265625 0.43278732187499996 0.38222659062500003