2 0.798828125 0.25366568906250003 0.8046875 0.2448680359375 0.8046875 0.2184750734375 0.796875 0.20674486875000003 0.7744140625 0.20967741874999998 0.7734375 0.2521994140625 0.78125 0.258064515625 0.7900390625 0.258064515625 0.798828125 0.25366568906250003
3 0.7568359375 0.14369501406250001 0.7705078125 0.1554252203125 0.783203125 0.1554252203125 0.791015625 0.1480938421875 0.796875 0.1348973609375 0.796875 0.12316715468749999 0.791015625 0.1085043984375 0.78125 0.09677419375 0.76171875 0.09677419375 0.7578125 0.104105571875 0.75390625 0.104105571875 0.75390625 0.1348973609375 0.7568359375 0.14369501406250001
2 0.8271484375 0.1979472140625 0.8330078125 0.1935483875 0.8359375 0.18621700937500002 0.8359375 0.1627565984375 0.828125 0.1510263921875 0.8125 0.1510263921875 0.8076171875 0.1554252203125 0.8046875 0.15982404687500001 0.8046875 0.1906158359375 0.8134765625 0.1979472140625 0.8271484375 0.1979472140625
3 0.8037109375 0.47800586562499997 0.810546875 0.46480938437499997 0.810546875 0.43841642187499996 0.8017578125 0.42228739062500004 0.78125 0.42228739062500004 0.7763671875 0.43108504375 0.7763671875 0.46627565937500004 0.787109375 0.47800586562499997 0.8037109375 0.47800586562499997
2 0.6591796875 0.32111436875 0.6591796875 0.297653959375 0.65625 0.29178885625 0.6396484375 0.29178885625 0.6376953125 0.3240469203125 0.642578125 0.32844574843749996 0.65625 0.326979471875 0.6591796875 0.32111436875
3 0.8389697265624999 0.3717360703125 0.8371894531249999 0.36727859218750003 0.8413427734375001 0.35925513124999997 0.8324433593749999 0.343209678125 0.8276962890625 0.343209678125 0.821169921875 0.353907625 0.818796875 0.3610381234375 0.8193896484375 0.3735190609375 0.8389697265624999 0.3717360703125
2 0.642578125 0.26392961875 0.642578125 0.2404692078125 0.6337890625 0.2404692078125 0.62890625 0.230205278125 0.6123046875 0.23313782968750002 0.611328125 0.27272727343750003 0.6201171875 0.2800586515625 0.6376953125 0.2756598234375 0.642578125 0.26392961875
2 0.8359375 0 0.8359375 0.0322580640625 0.8564453125 0.0366568921875 0.8642578125 0.0293255125 0.8671875 0.024926685937500002 0.8671875 0 0.8359375 0
2 0.7109375 0.47653958906250005 0.7109375 0.45747800625 0.703125 0.44281525000000005 0.689453125 0.44428152499999995 0.6875 0.4809384171875 0.6904296875 0.48533724375 0.7080078125 0.4809384171875 0.7109375 0.47653958906250005
2 0.8154296875 0.29178885625 0.818359375 0.2815249265625 0.818359375 0.256598240625 0.791015625 0.256598240625 0.791015625 0.2888563046875 0.7998046875 0.29618768281249996 0.8154296875 0.29178885625
3 0.63671875 0.5645161296875 0.634765625 0.54105571875 0.630859375 0.5322580640625 0.611328125 0.5322580640625 0.609375 0.5718475078125 0.6201171875 0.5806451609375001 0.6318359375 0.5791788859375 0.63671875 0.5645161296875
1 0.912109375 0.2404692078125 0.921875 0.2228739 0.921875 0.18621700937500002 0.9130859375 0.17008797656250002 0.890625 0.17008797656250002 0.87890625 0.18621700937500002 0.87890625 0.230205278125 0.890625 0.2448680359375 0.912109375 0.2404692078125
3 0.7229521484375 0.259280059375 0.7229521484375 0.2867331375 0.73513671875 0.280809384375 0.732169921875 0.26298093906250003 0.7229521484375 0.259280059375
3 0.7090302734375 0.2834838703125 0.7148330078125 0.27224340156250004 0.6954042968749999 0.27246334375000003 0.693603515625 0.2754618765625 0.6947900390624999 0.29418181875 0.704177734375 0.2897844578125 0.7090302734375 0.2834838703125
3 0.7273828124999999 0.3673489734375 0.7224443359375 0.40341495624999996 0.7371591796875 0.4049398828125 0.743248046875 0.3759604109375 0.7273828124999999 0.3673489734375
3 0.8027607421875 0.2953284453125 0.7924677734375 0.3302023453125 0.813271484375 0.3294398828125 0.8173310546874999 0.3065615828125 0.8027607421875 0.2953284453125
3 0.7083486328124999 0.4107917890625 0.7046845703125 0.43391935468750004 0.718892578125 0.4468841640625 0.7249814453125001 0.42553079218749995 0.7083486328124999 0.4107917890625
3 0.5945751953125 0.6007873906250001 0.5895009765625 0.5786715546875 0.5743427734375001 0.5879882703125 0.5676826171875 0.6107023453125 0.58544140625 0.6251920828124999 0.5945751953125 0.6007873906250001
3 0.6275576171874999 0.5260513203125 0.6275576171874999 0.5092741937499999 0.6124130859375 0.50796334375 0.6057382812500001 0.5153738999999999 0.6026943359375 0.528338709375 0.6275576171874999 0.5260513203125
3 0.613173828125 0.42336656875 0.6113203125 0.4612287390625 0.63618359375 0.4612287390625 0.6316171875000001 0.42614809375 0.613173828125 0.42336656875
3 0.674240234375 0.3514838703125 0.658857421875 0.3421994140625 0.6493759765625 0.3507214078125 0.6549580078125 0.3667360703125 0.663583984375 0.3659736078125 0.674240234375 0.3514838703125
3 0.6417646484375 0.38046334375 0.6436298828125 0.38106744843749996 0.6463320312499999 0.399529325 0.6605390625 0.401816715625 0.66561328125 0.3819882703125 0.6417646484375 0.38046334375
3 0.748830078125 0.5428284453125001 0.7407109375 0.53291495625 0.723966796875 0.5481671546875 0.733607421875 0.5763841640625 0.7483222656249999 0.5611319640625 0.748830078125 0.5428284453125001
2 0.750986328125 0.3947859234375 0.74121875 0.4292712609375 0.748830078125 0.44757331406249995 0.76557421875 0.420120234375 0.750986328125 0.3947859234375
2 0.7273828124999999 0.3044736078125 0.71635546875 0.3354692078125 0.731578125 0.3400439875 0.7447705078125 0.3225043984375 0.7273828124999999 0.3044736078125
2 0.713677734375 0.2816099703125 0.709251953125 0.2981011734375 0.7133105468750001 0.3080146625 0.7280253906249999 0.297338709375 0.713677734375 0.2816099703125
3 0.640583984375 0.531970675 0.6427802734375 0.566542521875 0.653943359375 0.566542521875 0.661046875 0.5444266859375 0.640583984375 0.531970675
3 0.8644833984375 0.34231818125 0.854396484375 0.34120234531250004 0.84608984375 0.3521246328125 0.8514296874999999 0.372627565625 0.865076171875 0.35925513124999997 0.8644833984375 0.34231818125
3 0.84015625 0.3120102640625 0.8241367187499999 0.30913049843749996 0.8193896484375 0.3342961875 0.83422265625 0.32983870937500004 0.84015625 0.3120102640625
3 0.8312568359375 0.39669501406249996 0.81256640625 0.39732697968749997 0.8098964843750001 0.4207639296875 0.8348164062500001 0.4180894421875 0.8312568359375 0.39669501406249996