3 0.368173828125 0.2626070375 0.34833886718749996 0.2967653953125 0.3551103515625 0.3399134890625 0.38042089843750004 0.30432844531250003 0.368173828125 0.2626070375
3 0.5298310546875 0.4282624640625 0.5014775390625 0.43288563125 0.501255859375 0.4748914953125 0.5322802734375001 0.47611876875 0.5298310546875 0.4282624640625
3 0.576208984375 0.41817008749999995 0.573919921875 0.4589398828125 0.5967802734375 0.46875659843750006 0.60739453125 0.43439882656249995 0.576208984375 0.41817008749999995
3 0.6727099609375 0.3460483875 0.6596474609375 0.38531525 0.68985546875 0.40372140781250004 0.7012861328125 0.3693636359375 0.6727099609375 0.3460483875
3 0.572287109375 0.7643665687500001 0.54803125 0.7529516125 0.5241162109374999 0.80363343125 0.5624892578125 0.8122228734375 0.572287109375 0.7643665687500001
3 0.47207421875 0.6131524921875 0.47512890625 0.66988123125 0.504521484375 0.6625190609375 0.511869140625 0.608527859375 0.47207421875 0.6131524921875
3 0.37406640625 0.6609780062499999 0.37552246093749997 0.7103753671875 0.4204267578125 0.7030117296875 0.40899609375 0.6404310843750001 0.37406640625 0.6609780062499999
3 0.47349609375 0.485935484375 0.4514521484375 0.46139442812500003 0.4242958984375 0.4696744875 0.42695800781250004 0.521520528125 0.45390136718749996 0.5178401765625 0.47349609375 0.485935484375
3 0.46614843749999996 0.31046334375 0.445736328125 0.272423753125 0.4291962890625 0.31515982343750004 0.4571669921875 0.39267741875 0.4816611328125 0.36077419375 0.46614843749999996 0.31046334375
3 0.7363935546875 0.2859222875 0.720880859375 0.2540175953125 0.69259375 0.2912478 0.7070009765624999 0.33868621718749997 0.7388427734375 0.3435953078125 0.7363935546875 0.2859222875
3 0.33752734375000004 0.2484178890625 0.3118818359375 0.25877419375 0.3082294921875 0.2867082109375 0.3394384765625 0.278092375 0.33752734375000004 0.2484178890625
3 0.31013964843749997 0.3690322578125 0.3343427734375 0.3470146625 0.32415234375 0.3173401765625 0.2975458984375 0.331957478125 0.288484375 0.3699897359375 0.31013964843749997 0.3690322578125