2 0.3060185546875 0.2176217015625 0.33295703125 0.2164970671875 0.3381953125 0.173760996875 0.332208984375 0.150142228125 0.30691015625 0.1438636359375 0.2835693359375 0.1557668625 0.280576171875 0.1838826984375 0.28207324218749996 0.20862463281250002 0.3060185546875 0.2176217015625
2 0.424998046875 0.1793841640625 0.43921582031249995 0.1692624640625 0.444453125 0.14002052812500002 0.443705078125 0.124275659375 0.4281767578125 0.120260996875 0.4010517578125 0.1298988265625 0.3995556640625 0.1602653953125 0.4070390625 0.177134896875 0.424998046875 0.1793841640625
2 0.4414599609375 0.2277434015625 0.46839941406249996 0.21424780000000002 0.464107421875 0.1843255125 0.4519365234375 0.1793841640625 0.430984375 0.1793841640625 0.42424902343750004 0.1985029328125 0.4414599609375 0.2277434015625
2 0.5671748046875 0.3119853375 0.5679228515625 0.281620234375 0.560439453125 0.2546290328125 0.5471982421875 0.22984604062499997 0.52003125 0.22651172968750002 0.5095556640625001 0.2681246328125 0.5372421875 0.31423460468750003 0.5671748046875 0.3119853375
2 0.4983310546875 0.451442815625 0.5155419921875 0.4671876828125 0.524521484375 0.46943694999999996 0.5394873046875001 0.46268915 0.5462216796875 0.4446950140625 0.5462216796875 0.4075806453125 0.543228515625 0.3963343109375 0.529232421875 0.3849486796875 0.5035693359375 0.38733724375 0.4983310546875 0.40195747812500005 0.4975830078125 0.4278255125 0.4983310546875 0.451442815625
2 0.6435009765624999 0.5761715546875 0.65921484375 0.5750469203125 0.6666982421875 0.5615513203125 0.6666982421875 0.5311862171875 0.64825390625 0.5130777125 0.6315283203125001 0.5233137828125 0.62853515625 0.5480557187499999 0.6375146484374999 0.5671744875 0.6435009765624999 0.5761715546875
2 0.5537050781249999 0.6031642234375 0.5581943359375 0.5649252203125 0.5454736328124999 0.5424325515625 0.5337236328125 0.5333093843750001 0.508806640625 0.5626759531250001 0.519283203125 0.5930410562499999 0.5335009765625001 0.6211583578125001 0.5537050781249999 0.6031642234375
2 0.5798955078125 0.5671744875 0.5941132812500001 0.5570527859375 0.5963583984375 0.5480557187499999 0.5911201171875 0.5255630499999999 0.5828886718749999 0.52218915 0.5716640625 0.521064515625 0.5686708984375 0.5424325515625 0.5686708984375 0.5604266859375 0.5798955078125 0.5671744875
2 0.605337890625 0.596416421875 0.6023447265625 0.5750469203125 0.588875 0.5682991203125 0.5674091796875 0.5805146625 0.5679228515625 0.6132859234375 0.5754052734374999 0.630155425 0.595609375 0.60766275625 0.605337890625 0.596416421875
2 0.512548828125 0.75049266875 0.5282626953125 0.732498534375 0.53200390625 0.7145043984375 0.5297597656249999 0.69088563125 0.5112666015625 0.68504105625 0.48486132812499994 0.686387096875 0.4826171875 0.7178782984375001 0.49084765625 0.7493680359375 0.512548828125 0.75049266875
2 0.45492968749999996 0.8392331375 0.4639091796875 0.8448563046875 0.47737890624999996 0.8369838703125 0.49084765625 0.8189897359374999 0.49234472656249995 0.7998709671875 0.49009960937499997 0.7863753671875 0.48860351562500004 0.7807522 0.47363671875 0.7706304984375 0.45961621093750005 0.776079178125 0.4466982421875 0.7818768328125 0.44295703125 0.8156158359375001 0.4466982421875 0.8302360703125 0.45492968749999996 0.8392331375
2 0.39282128906249997 0.9572155421874999 0.40030371093749995 0.9583401765625 0.4137734375 0.951592375 0.41826269531250004 0.932472140625 0.41826269531250004 0.9122287390625001 0.41526953125 0.8931099703125 0.4010517578125 0.8998577718749999 0.38907910156250003 0.9245997062500001 0.385337890625 0.9470938421874999 0.39282128906249997 0.9572155421874999
2 0.448943359375 0.8548724343749999 0.42799121093750003 0.8548724343749999 0.41826269531250004 0.8796143687500001 0.4220048828125 0.8976085046875 0.42948730468749996 0.909979471875 0.4483876953125 0.9092668625 0.459419921875 0.903231671875 0.46839941406249996 0.887486803125 0.46839941406249996 0.8683680359375 0.448943359375 0.8548724343749999
2 0.23567871093749998 0.951592375 0.24765136718749997 0.9583401765625 0.2648623046875 0.9572155421874999 0.2760869140625 0.939219940625 0.2783310546875 0.9144780062500001 0.26199609375 0.889035190625 0.2469033203125 0.8818636359375001 0.22520214843750003 0.9021070375000001 0.22445410156249998 0.9302228734375 0.23567871093749998 0.951592375
2 0.2139775390625 0.8143841640625 0.2304404296875 0.8188826984375 0.24765136718749997 0.80988563125 0.2551337890625 0.7941407625 0.256630859375 0.7772712609375 0.2416650390625 0.750280059375 0.21322949218749998 0.744655425 0.20350195312500002 0.77164809375 0.20499804687499998 0.8008885625 0.2139775390625 0.8143841640625
2 0.16187109375 0.8694926687500001 0.167109375 0.8559970671875 0.16187109375 0.8222565984375001 0.15083496093749998 0.8097976546875 0.13792578125 0.8368768328125 0.13792578125 0.8627448687499999 0.143912109375 0.8751158359375 0.16187109375 0.8694926687500001
2 0.191802734375 0.86959970625 0.191802734375 0.85835190625 0.18955859375 0.8392331375 0.180029296875 0.8384589437500001 0.1708505859375 0.8493548390625 0.1708505859375 0.8729736078125001 0.1813271484375 0.877472140625 0.191802734375 0.86959970625
2 0.434251953125 0.28622580625 0.44173437499999996 0.28959970625000003 0.45370703125 0.28959970625000003 0.46044238281250005 0.2851011734375 0.45894531250000004 0.2581099703125 0.44501953125 0.24333284531250002 0.42676855468749997 0.25586070312500003 0.42676855468749997 0.271605571875 0.42901367187500006 0.28397653906250003 0.434251953125 0.28622580625
3 0.33658886718750003 0.481916421875 0.315494140625 0.5577096781249999 0.3558447265625 0.563579178125 0.3831787109375 0.4872844578125 0.33658886718750003 0.481916421875
1 0.5013017578125 0.6711730203124999 0.5364580078125 0.657479471875 0.53125 0.6261788859374999 0.5026044921875 0.5870542515625 0.44921875 0.619746334375 0.453125 0.657479471875 0.46744824218750003 0.694649559375 0.5013017578125 0.6711730203124999
2 0.9388017578125 0.26818181874999997 0.908203125 0.24437976562500002 0.88671875 0.28383137812500003 0.90234375 0.3170879765625 0.9348955078125 0.3092639296875 0.9388017578125 0.26818181874999997
2 0.43880175781249997 0.565535190625 0.41796875 0.537634896875 0.39192675781249997 0.583142228125 0.40885449218750003 0.6418299125 0.43880175781249997 0.6163988265625 0.43880175781249997 0.565535190625
2 0.496267578125 0.5658211140625 0.50733984375 0.5538431078125 0.51442578125 0.536542521875 0.516640625 0.513253665625 0.5117685546875 0.49728299062500003 0.4891806640625 0.491294721875 0.47833007812500006 0.49974486875 0.47146484375000003 0.51591495625 0.47456542968750004 0.544527859375 0.4856376953125 0.5658211140625 0.496267578125 0.5658211140625
2 0.4347041015625 0.9868416421875 0.43869042968749994 0.9602243406250001 0.4358115234375 0.9526070375 0.4236318359375 0.9462507328124999 0.41831738281249997 0.970205278125 0.41875976562500006 0.9828489734374999 0.4347041015625 0.9868416421875
2 0.5414423828125 0.36492815312500004 0.540556640625 0.3263343109375 0.5290419921875 0.31102932499999997 0.514205078125 0.30822580624999996 0.5082255859375 0.335649559375 0.5228408203125 0.35827419374999997 0.529927734375 0.37624046875 0.5414423828125 0.36492815312500004