2 0.40797079218750004 0.1472551296875 0.43013997187499997 0.12197938906250001 0.43044316875 0.092794125 0.42549948593750003 0.054668154687500005 0.396862375 0.05795520625 0.38178144375 0.119004234375 0.40797079218750004 0.1472551296875
2 0.49494039531249995 0.12629595625 0.5256211484375 0.12441324375 0.5345216171875 0.103408453125 0.53037264375 0.0726983140625 0.5120200015624999 0.07552849687499999 0.4956838765625 0.093213109375 0.49494039531249995 0.12629595625
2 0.50539933125 0.1998854859375 0.5240474234375 0.20579173125 0.538768453125 0.1910647578125 0.5398661859375 0.1692937671875 0.5206238890625 0.1437966296875 0.502879171875 0.152350078125 0.50539933125 0.1998854859375
2 0.6166229078125001 0.2291378671875 0.613361384375 0.20439994218750002 0.5712175937499999 0.2216961265625 0.5766480328125 0.27237044374999997 0.5971920984375 0.28797295625 0.6146481296874999 0.28275545625 0.6196692265625 0.25756469531250004 0.6166229078125001 0.2291378671875
2 0.645986328125 0.262999334375 0.63750719375 0.26155789218750003 0.625091378125 0.2601348375 0.6217885 0.2773407609375 0.627919484375 0.3025377296875 0.6429949296874999 0.29912416875000003 0.6471365062500001 0.28172833750000004 0.645986328125 0.262999334375
2 0.5385906281249999 0.4455619421875 0.5769405546875 0.44320917499999996 0.585398090625 0.4020487453125 0.576090925 0.3712416828125 0.5503362671875001 0.3610024265625 0.521964115625 0.4024871515625 0.5385906281249999 0.4455619421875
2 0.5656897703125 0.4922649109375 0.54171771875 0.50676709375 0.5525666078125 0.5359585671875 0.569979703125 0.5383465640625 0.5765425234375 0.5115402171875 0.5656897703125 0.4922649109375
2 0.639773753125 0.5229332796875 0.6138385421875 0.52335115 0.6145940109375 0.5624254625 0.6401174609375 0.5604440328125 0.639773753125 0.5229332796875
2 0.6371263328125 0.5102480968750001 0.6511764390625 0.527556821875 0.6610433578125 0.4835458703125 0.637456340625 0.4635664015625 0.631200246875 0.485238915625 0.6371263328125 0.5102480968750001
2 0.6014056125 0.46520101406250003 0.5827092109375 0.48102727187500005 0.5898114 0.5072708218749999 0.6140988000000001 0.5017713828125 0.6114926015625 0.469445415625 0.6014056125 0.46520101406250003
2 0.6017664796875 0.5627970375 0.6102231265625 0.5216384015625 0.604753284375 0.5026210109375 0.578572225 0.52247429375 0.583087875 0.52248411875 0.5858069218749999 0.5499543328125001 0.6017664796875 0.5627970375
2 0.505459815625 0.6327115671875 0.5286063796875 0.6565870640625 0.5508603765625 0.6161005640624999 0.533708759375 0.5921341171875001 0.5316315656249999 0.5948634375 0.5066004859375 0.6033350796875 0.505459815625 0.6327115671875
2 0.5119641781250001 0.5173021265625 0.486663696875 0.529360240625 0.48133834999999997 0.5837365046875 0.49253812343750003 0.6001899609375 0.5222916640624999 0.5896549265625 0.5419049828125 0.5725536906250001 0.5361238265625 0.5346189453125 0.5119641781250001 0.5173021265625
2 0.51490196875 0.6888067890625 0.4476954109375 0.6043808984375 0.43727417968750004 0.6848633484375 0.46835581875 0.7107399796875 0.51490196875 0.6888067890625
2 0.4270563765625 0.74161231875 0.41942925000000003 0.734478665625 0.4012728359375 0.765175071875 0.40405430937500003 0.791130475 0.42539308125 0.81414881875 0.4384817609375 0.7921956828125001 0.4412549453125 0.7700469125 0.4270563765625 0.74161231875
2 0.2829537828125 0.74006231875 0.300985978125 0.7562335984375 0.315617603125 0.7326661921875 0.3136308375 0.71412661875 0.302846246875 0.6884189765625 0.2760280921875 0.707449521875 0.2829537828125 0.74006231875
2 0.2872274171875 0.5723969703125 0.25933124687500003 0.594153621875 0.27313705 0.642931490625 0.3039920234375 0.6346784515625 0.3064107921875 0.601216265625 0.2872274171875 0.5723969703125
2 0.44188039687499997 0.5605339578125 0.454797334375 0.5690028171875 0.47731634375 0.5309892984375 0.46968551718749996 0.49980265937499996 0.4525828109375 0.48181828125 0.4372446640625 0.5172754687500001 0.44188039687499997 0.5605339578125
3 0.4127155203125 0.41243599687500004 0.3848252484375 0.44482507968749996 0.3877054265625 0.44785450937500004 0.38482831875 0.5016429578125 0.42056955625 0.472295215625 0.4127155203125 0.41243599687500004
2 0.5085301078125 0.21530645312500002 0.48542108125 0.24368006250000002 0.50604104375 0.26438712343750004 0.5350545578125 0.2549627546875 0.5392847859375001 0.23117455312500002 0.5085301078125 0.21530645312500002
2 0.9113165499999999 0.322722496875 0.9216173187500001 0.3375124328125 0.9394341921875 0.3320523265625 0.9412754703124999 0.2859715328125 0.9210206031249999 0.2777161078125 0.912411296875 0.2967894796875 0.9113165499999999 0.322722496875
2 0.24700064843749997 0.774420465625 0.2604078078125 0.7836019453125 0.2717526 0.7606720453125 0.264266215625 0.7358950906249999 0.25235827187500004 0.7342503015624999 0.23976252968749998 0.74551699375 0.24700064843749997 0.774420465625
2 0.2078270734375 0.6020672984375001 0.2211642203125 0.6234819125 0.23790233593750001 0.6186738968750001 0.23165680156250001 0.5925995953125 0.2217610390625 0.58397873125 0.2130738921875 0.58662601875 0.2078270734375 0.6020672984375001