2 0.8019067796874999 0.77388535 0.79237288125 0.77388535 0.7838983046875 0.7802547765625001 0.7849576265625 0.8264331203124999 0.8093220343749999 0.829617834375 0.8177966109374999 0.81687898125 0.8177966109374999 0.7882165609375 0.8114406781250001 0.7786624203125 0.8019067796874999 0.77388535
3 0.7627118640624999 0.9076433125 0.7627118640624999 0.941082803125 0.766949153125 0.941082803125 0.771186440625 0.9490445859375001 0.79237288125 0.9490445859375001 0.8029661015625 0.9363057328125001 0.8093220343749999 0.920382165625 0.8093220343749999 0.9076433125 0.8029661015625 0.8933121015625 0.794491525 0.8853503187499999 0.7807203390625 0.8853503187499999 0.76588983125 0.8980891718749999 0.7627118640624999 0.9076433125
2 0.8273305078125001 0.839171975 0.8177966109374999 0.8471337578125 0.8177966109374999 0.8805732484375 0.8209745765625 0.8853503187499999 0.8262711859375 0.8901273890624999 0.8432203390625 0.8901273890624999 0.851694915625 0.8773885343750001 0.851694915625 0.8519108281250001 0.8485169484374999 0.8439490453125 0.8421610171875 0.839171975 0.8273305078125001 0.839171975
3 0.7987288140625 0.535031846875 0.787076271875 0.5477706999999999 0.787076271875 0.5859872609375001 0.79237288125 0.5955414015625 0.81461864375 0.5955414015625 0.8241525421875 0.578025478125 0.8241525421875 0.5493630578124999 0.8167372875 0.535031846875 0.7987288140625 0.535031846875
2 0.6567796609375 0.6990445859375 0.641949153125 0.6974522296875 0.6366525421875 0.7022293000000001 0.6387711859375 0.737261146875 0.6567796609375 0.737261146875 0.6599576265625 0.7308917203124999 0.6599576265625 0.7054140125 0.6567796609375 0.6990445859375
3 0.833744703125 0.648503184375 0.8331016953124999 0.6620573249999999 0.835675846875 0.6698009546875 0.842755296875 0.6814187890625 0.8479046609375 0.6814187890625 0.8575582624999999 0.66399363125 0.853052965625 0.6552802546875001 0.8549841109375 0.650439490625 0.833744703125 0.648503184375
2 0.6366525421875 0.7547770703125 0.6175847453125 0.75 0.608050846875 0.7579617828125 0.60911016875 0.8009554140624999 0.62711864375 0.804140128125 0.6324152546875 0.79299363125 0.641949153125 0.79299363125 0.641949153125 0.7675159234375 0.6366525421875 0.7547770703125
2 0.712923728125 0.531847134375 0.6938559328125 0.5270700640625 0.6906779656250001 0.531847134375 0.6927966109375 0.5716560515625 0.70762711875 0.5732484078125 0.7161016953125 0.557324840625 0.7161016953125 0.5366242031249999 0.712923728125 0.531847134375
2 0.8125 0.7324840765625 0.8029661015625 0.7404458593750001 0.8029661015625 0.77547770625 0.83262711875 0.77547770625 0.83262711875 0.74840764375 0.8294491531249999 0.737261146875 0.8125 0.7324840765625
3 0.6302966109375 0.42515923593749994 0.6175847453125 0.4235668796875 0.605932203125 0.43312101875 0.608050846875 0.47611465 0.6292372875 0.47611465 0.6334745765625 0.466560509375 0.6355932203125 0.44108280312500003 0.6302966109375 0.42515923593749994
1 0.9110169484374999 0.7882165609375 0.898305084375 0.804140128125 0.898305084375 0.8519108281250001 0.9110169484374999 0.8694267515625 0.93538135625 0.8694267515625 0.9449152546875 0.8519108281250001 0.9449152546875 0.8121019109375001 0.9343220343749999 0.79299363125 0.9110169484374999 0.7882165609375
3 0.739133475 0.768546178125 0.7423516953125 0.7491847140625 0.729134534375 0.7427515921875 0.729134534375 0.7725652859375 0.739133475 0.768546178125
3 0.7087690671875 0.7394378984375 0.6985858046875 0.7346624203125 0.697298728125 0.7549920375 0.69925211875 0.7582484078125 0.72032733125 0.7584872609375 0.7140328390625 0.7462802546875 0.7087690671875 0.7394378984375
3 0.7511504234374999 0.6458519109374999 0.7445455515625 0.6143805734375001 0.7285836859375 0.6160366234375 0.733940678125 0.655203821875 0.7511504234374999 0.6458519109374999
3 0.831511653125 0.7212181531249999 0.8271080515625 0.6963726109375 0.8045413140625 0.6955445859375 0.8157065671874999 0.733417196875 0.831511653125 0.7212181531249999
3 0.7313358046875 0.5920191078125 0.7247309328125 0.5688296171875 0.70931885625 0.5829092359375 0.7132934328125 0.608025478125 0.7313358046875 0.5920191078125
3 0.5799703390625 0.375189490625 0.5607065671875 0.390925159375 0.56793114375 0.41559235625 0.584373940625 0.425710190625 0.589878178125 0.40169267499999994 0.5799703390625 0.375189490625
3 0.5986853812499999 0.48037101875 0.6019872875 0.49445063749999996 0.6092277546875 0.5024984078125 0.6256557203125 0.5010748406250001 0.6256557203125 0.48285509531250004 0.5986853812499999 0.48037101875
3 0.6300593218749999 0.5913487265625 0.6350127125 0.5532515921875001 0.6080423734375 0.5532515921875001 0.610052965625 0.5943694265625 0.6300593218749999 0.5913487265625
3 0.6647351687499999 0.6566974515624999 0.655378178125 0.6558694265625 0.64932309375 0.673261146875 0.6596080515625 0.6825159234375 0.6762944921875 0.6724331203125 0.6647351687499999 0.6566974515624999
3 0.666936440625 0.6393057328125 0.6614322031250001 0.61777229375 0.6460211859375 0.62025636875 0.6430900421875 0.6403057328124999 0.6410667375 0.6409617828124999 0.666936440625 0.6393057328125
3 0.7566546609375 0.44475796250000005 0.740692796875 0.4281942671875 0.7302351687499999 0.4588375796875 0.7483983046875 0.47540127343750005 0.7572055078125 0.46463535 0.7566546609375 0.44475796250000005
2 0.77536864375 0.5978949046875 0.7572055078125 0.5680812109375 0.748949153125 0.58795700625 0.7595444921875 0.62540764375 0.77536864375 0.5978949046875
2 0.75280190625 0.703904459375 0.7384915249999999 0.6848566875000001 0.7219788140625 0.6898248406249999 0.733940678125 0.72348566875 0.75280190625 0.703904459375
2 0.7346377125 0.7312340765625 0.718675846875 0.719640128125 0.7142733046874999 0.7304060515625 0.719074153125 0.7483152859375 0.7346377125 0.7312340765625
3 0.6619830515625 0.46289968125 0.6542775421875 0.43888216562500004 0.6421684328125 0.43888216562500004 0.6397860171875001 0.4764267515625 0.6619830515625 0.46289968125
3 0.883302965625 0.66399363125 0.8685 0.6494713375 0.8627076265625 0.6717372609375001 0.8717182203125 0.6835987265625 0.8826599578125001 0.6823869421875 0.883302965625 0.66399363125
3 0.8498347453124999 0.695939490625 0.833744703125 0.6910987265624999 0.8388940671875 0.7184283437500001 0.8562711859375 0.7153009546875 0.8498347453124999 0.695939490625
3 0.8504788140624999 0.60010031875 0.8234470343750001 0.597195859375 0.8263432203125 0.6226480890625 0.8466175843749999 0.6233343953125 0.8504788140624999 0.60010031875