2 0.577393075 0.10403726718749999 0.5682281062500001 0.11335403749999999 0.5661914453125 0.1909937890625 0.580448065625 0.20807453437499998 0.592668025 0.2142857140625 0.60692464375 0.20962732968750003 0.6150712828125 0.19720496875 0.6181262734375 0.1754658390625 0.6181262734375 0.1428571421875 0.6099796328125 0.11335403749999999 0.6008146640625001 0.10403726718749999 0.577393075 0.10403726718749999
2 0.275137475 0.105486025 0.25201222031250003 0.16386180156250002 0.2742474546875 0.220880434375 0.3053778 0.18694099375 0.31160387031250003 0.1421413046875 0.275137475 0.105486025
2 0.42367209843750003 0.54126708125 0.4165560078125 0.5209037265625 0.391809571875 0.52316304375 0.3792006109375 0.573849378125 0.39165275 0.6023586953125 0.4210030546875 0.588782609375 0.42367209843750003 0.54126708125
2 0.3858238296875 0.4322577640625 0.3688340125 0.46869099375 0.3696242359375 0.5000403734375001 0.401233196875 0.490394409375 0.412296334375 0.47351397500000003 0.3858238296875 0.4322577640625
2 0.4605 0.43948757812499994 0.43758350312500005 0.451810559375 0.43679327968750004 0.48195496875000005 0.46287067187500003 0.491599378125 0.4715631359375 0.47230900625 0.4605 0.43948757812499994
2 0.5648105906249999 0.4240791921875 0.57192260625 0.4047872671875 0.570342159375 0.3818773296875 0.554537678125 0.3927298140625 0.5648105906249999 0.3818773296875 0.528460284375 0.3927298140625 0.5466354375 0.43131366406250005 0.5648105906249999 0.4240791921875
2 0.5995804484375 0.4216677015625 0.60353156875 0.3939347828125 0.595629328125 0.367189440625 0.5782443984375 0.367408384375 0.5766639515625 0.41443322968749996 0.5766639515625 0.442164596875 0.5995804484375 0.4216677015625
2 0.6730723015625 0.12023291875 0.6493645625 0.1491708078125 0.6533156828125 0.19137111874999999 0.673862525 0.21066304374999997 0.6833452140625 0.1624332296875 0.6730723015625 0.12023291875
2 0.6051120156249999 0.228013975 0.5782443984375 0.254069875 0.5980000000000001 0.2745667703125 0.616175153125 0.2745667703125 0.62407739375 0.23839440937499998 0.6051120156249999 0.228013975
2 0.62289205625 0.30934937812499996 0.60274134375 0.2902422359375 0.5987902234375 0.33244254687499997 0.626448065625 0.36017391249999997 0.63909165 0.348116459375 0.62289205625 0.30934937812499996
2 0.5656008140625 0.594088509375 0.5608594703125 0.565150621875 0.5505865578125 0.558779503125 0.529250509375 0.57841304375 0.5324114046874999 0.609762421875 0.554537678125 0.61699689375 0.5656008140625 0.594088509375
2 0.302454175 0.5301832296875 0.2961323828125 0.565150621875 0.261362525 0.57238509375 0.2605723015625 0.6121739125000001 0.32379022343749997 0.6362888203125 0.350658859375 0.615791925 0.35302953125 0.58203105625 0.3348533609375 0.5398291921875 0.3289266796875 0.5298602484375 0.302454175 0.5301832296875
2 0.366463340625 0.6483462734375001 0.3522393078125 0.6555807453125 0.355400203125 0.6929580750000001 0.3704144609375 0.698987578125 0.3846384921875 0.6748726703125 0.366463340625 0.6483462734375001
2 0.646993890625 0.8773229812500001 0.6643798375000001 0.871293478125 0.6643798375000001 0.8371304343749999 0.6351405296875 0.8483850937499999 0.646993890625 0.8773229812500001
2 0.7394511203125 0.8628540375 0.7568360484375 0.8568245343750001 0.7544653765625 0.8206521734375001 0.7362902234375001 0.842355590625 0.7394511203125 0.8628540375
3 0.73075865625 0.8061832296875 0.738660896875 0.7808633546875 0.7248319750000001 0.7612158390625 0.7038910390625001 0.7905093171875001 0.73075865625 0.8061832296875
2 0.4075549890625 0.6579922359375 0.38345315625 0.6491537265625 0.386218940625 0.6604037265625 0.3822678203125 0.694164596875 0.3601415484375 0.724307453125 0.379106925 0.723102484375 0.406764765625 0.7062220499999999 0.432051934375 0.7315419249999999 0.4723533609375 0.713456521875 0.45338798437500005 0.6579922359375 0.4075549890625 0.6579922359375
2 0.5632301421875 0.7893027953125 0.5742932796875 0.7663944093749999 0.5482158859374999 0.7431413046875 0.539523421875 0.7941257765625 0.5632301421875 0.7893027953125
2 0.5869368640625 0.8833509312500001 0.6169653765625001 0.87852795 0.60274134375 0.833515528125 0.577454175 0.86405900625 0.5869368640625 0.8833509312500001
2 0.6904572296875 0.26416304375 0.677023421875 0.28444099375 0.6699114046875 0.3182018640625 0.6920376781249999 0.32302484531250003 0.7133737265625 0.30373291875 0.6904572296875 0.26416304375
3 0.55490936875 0.1443447203125 0.539831975 0.152453415625 0.55033503125 0.1752003109375 0.561855396875 0.1741661484375 0.5635488796875 0.1514192546875 0.55490936875 0.1443447203125