2 0.6628642578124999 0.5941803515624999 0.68259765625 0.586491203125 0.686251953125 0.5381598234375 0.679673828125 0.51289589375 0.6635947265625 0.5074046921875001 0.6511708984375 0.5030102640624999 0.6263212890625 0.4986173015625 0.60878125 0.529372434375 0.60951171875 0.5491451609375 0.6299755859375 0.57990029375 0.6628642578124999 0.5941803515624999
2 0.537158203125 0.35691935468749997 0.553236328125 0.35691935468749997 0.5554287109375 0.347033725 0.5605449218749999 0.32616275625 0.5605449218749999 0.31737536718750003 0.538826171875 0.306816715625 0.5218095703125 0.3129824046875 0.5218095703125 0.342639296875 0.5291181640625 0.3558211140625 0.537158203125 0.35691935468749997
2 0.49696093750000003 0.28222580625 0.51084765625 0.28552199375 0.5247333984375 0.2613563046875 0.5203486328125 0.2327976546875 0.505 0.22510850468750002 0.49549902343749996 0.247076246875 0.49257617187499997 0.2668489734375 0.49696093750000003 0.28222580625
2 0.46772656250000005 0.2130249265625 0.48892187500000006 0.2152228734375 0.4976923828125 0.200942815625 0.49842285156250005 0.1745806453125 0.4911142578125 0.16030058593750002 0.4774130859375 0.153683284375 0.46041894531249994 0.1548079171875 0.45822558593749996 0.1789736078125 0.46041894531249994 0.203139296875 0.46772656250000005 0.2130249265625
2 0.5218095703125 0.4975190609375 0.52692578125 0.48104252187499996 0.5313115234375 0.4579750734375 0.522541015625 0.4382038125 0.5103134765624999 0.433605571875 0.4940380859375 0.4480894421875 0.4918447265625 0.46895894374999997 0.5013457031249999 0.49312463281249996 0.5218095703125 0.4975190609375
2 0.5473896484375 0.5315689156250001 0.5576220703125 0.5425542515624999 0.567123046875 0.53596334375 0.5715078124999999 0.5194868031250001 0.57223828125 0.5041085046875 0.5693154296875 0.479942815625 0.56733984375 0.4813563046875 0.5503134765625 0.477746334375 0.54154296875 0.49971554218750003 0.54154296875 0.517290321875 0.5473896484375 0.5315689156250001
2 0.57881640625 0.5447507328125 0.5846630859374999 0.5546363640624999 0.5985498046875 0.5524398828125 0.6029345703125 0.5447507328125 0.605126953125 0.529372434375 0.605126953125 0.5205850437499999 0.6024326171875 0.5109956015625 0.5853935546875 0.5030102640624999 0.57881640625 0.5161920828125 0.57881640625 0.534865103125 0.57881640625 0.5447507328125
2 0.49038378906249996 0.5612272734375 0.5093857421875 0.5700146625 0.5181552734375 0.5656202343750001 0.5188867187499999 0.5524398828125 0.5196171875 0.5315689156250001 0.5196171875 0.5139941343750001 0.5081201171874999 0.5027624640624999 0.49038378906249996 0.4986173015625 0.4764970703125 0.517290321875 0.4801513671875 0.5337668625 0.49038378906249996 0.5612272734375
2 0.396103515625 0.5656202343750001 0.411451171875 0.5546363640624999 0.4158369140625 0.5205850437499999 0.414375 0.5041085046875 0.407796875 0.4975190609375 0.3982958984375 0.49641935468750004 0.3858720703125 0.5030102640624999 0.37344726562499997 0.5381598234375 0.37490917968750004 0.5601290328124999 0.37783203125 0.5623255125 0.396103515625 0.5656202343750001
2 0.45457128906250005 0.5952785921875 0.4618798828125 0.60845894375 0.4874599609375 0.6326246328125 0.4918447265625 0.6326246328125 0.4976923828125 0.6293299125 0.5093857421875 0.6062624640625 0.49842285156250005 0.56781818125 0.4764970703125 0.5491451609375 0.470650390625 0.5205850437499999 0.4684580078125 0.5041085046875 0.462060546875 0.496175953125 0.44653222656249997 0.5085029328124999 0.440685546875 0.5436524921875 0.440685546875 0.5623255125 0.45457128906250005 0.5952785921875
2 0.396103515625 0.6512976546875 0.40341210937499994 0.6578885624999999 0.425337890625 0.6578885624999999 0.42826074218750004 0.6458064515624999 0.4149033203125 0.5817991203124999 0.3997578125 0.5908841640625 0.3931806640625 0.6062624640625 0.3931806640625 0.6326246328125 0.396103515625 0.6512976546875
2 0.426068359375 0.71281085 0.44872460937499997 0.7237947218749999 0.463341796875 0.71281085 0.4728427734375 0.6996290328125 0.4728427734375 0.6765615828125 0.46699609375 0.6655777125 0.4516484375 0.674365103125 0.43337695312499996 0.672168621875 0.4238759765625 0.6842507328125 0.4238759765625 0.7018255124999999 0.426068359375 0.71281085
2 0.5210791015625 0.421831378125 0.5283876953125 0.429520528125 0.5422734375 0.426224340625 0.5510439453125 0.41743695000000003 0.5590830078125 0.4042565984375 0.5590830078125 0.38997653906249996 0.5546982421875 0.37679472187499996 0.5481210937500001 0.36800733124999996 0.53350390625 0.36361436875 0.53224609375 0.361153959375 0.5210791015625 0.3614178890625 0.5137705078125 0.3855821109375 0.5137705078125 0.4031583578125 0.5210791015625 0.421831378125
2 0.45822558593749996 0.3570234609375 0.46261132812500005 0.374598240625 0.46918847656249996 0.380090909375 0.48672949218749995 0.37789442812499996 0.49549902343749996 0.36581085 0.49696093750000003 0.3493343109375 0.48728320312499995 0.315049853125 0.4801513671875 0.3174809390625 0.46772656250000005 0.322972140625 0.46041894531249994 0.3339560125 0.45822558593749996 0.3570234609375
2 0.42314550781250004 0.36910703749999996 0.44507031250000006 0.3548269796875 0.44507031250000006 0.3427434015625 0.44433984375 0.32956305 0.439955078125 0.3130865109375 0.42696679687500005 0.31834310781249997 0.4136435546875 0.31638123125 0.4121826171875 0.33505571875 0.4129130859375 0.3570234609375 0.42314550781250004 0.36910703749999996
2 0.358830078125 0.3932712609375 0.3646767578125 0.3998621703125 0.385140625 0.3976656890625 0.3895263671875 0.37679472187499996 0.3858720703125 0.36031964843750003 0.37783203125 0.3504325515625 0.36029199218749997 0.35592522031249996 0.3566376953125 0.36800733124999996 0.3566376953125 0.37789442812499996 0.358830078125 0.3932712609375
3 0.613166015625 0.431612903125 0.61608984375 0.38547800625 0.6146279296875 0.3722976546875 0.6007421875000001 0.3580175953125 0.589779296875 0.3492302046875 0.5883173828125 0.3492302046875 0.5663916015625 0.35691935468749997 0.5715078124999999 0.3975615828125 0.5839326171875 0.431612903125 0.613166015625 0.431612903125