3 0.6005584875000001 0.29184156250000004 0.6279212421875 0.33031187968750003 0.635241765625 0.2836652921875 0.6137985640625 0.24673733750000001 0.6005584875000001 0.29184156250000004
3 0.43638619062500006 0.47756083125000004 0.4699260984375 0.47623404843749995 0.46968644375 0.4308223046875 0.43903399531250004 0.4258242859375 0.43638619062500006 0.47756083125000004
3 0.3551815875 0.43245819062499996 0.3666564609375 0.46960172812499995 0.3913703546875 0.4589890625 0.38889569218750003 0.41491360781250003 0.3551815875 0.43245819062499996
3 0.253677153125 0.36214987656250003 0.266034628125 0.3992934140625 0.29869193437499997 0.379394865625 0.2845703125 0.336944203125 0.253677153125 0.36214987656250003
3 0.4037278296875 0.8409166203125 0.4452122046875 0.8316307359374999 0.4193581078125 0.77683958125 0.3931355578125 0.789180075 0.4037278296875 0.8409166203125
3 0.4584522796875 0.62070579375 0.4663956921875 0.6790746609375 0.498171453125 0.6870337640625 0.5014738171875 0.625705396875 0.4584522796875 0.62070579375
3 0.569666384375 0.6551957671874999 0.5573089109375 0.72285051875 0.605854096875 0.7308112078125 0.607428209375 0.6774086546875 0.569666384375 0.6551957671874999
3 0.5211201437499999 0.5226650562499999 0.5502481 0.5266438140624999 0.55312605625 0.470594040625 0.523767946875 0.461642625 0.4999366546875 0.488173496875 0.5211201437499999 0.5226650562499999
3 0.4911095859375 0.35286399375 0.5175897375 0.387353965625 0.5478283359375 0.3035511609375 0.5299472125 0.257350003125 0.5078800671875 0.298473884375 0.4911095859375 0.35286399375
3 0.2130753796875 0.334292225 0.24749894375 0.32898510000000003 0.263074325 0.27770032499999997 0.23249366562499998 0.2374514546875 0.215723184375 0.2719430140625 0.2130753796875 0.334292225
3 0.644863809375 0.26347824375 0.6786032515625 0.2727926609375 0.674654771875 0.24259372343750002 0.6469298984375 0.2313977171875 0.644863809375 0.26347824375
3 0.6999493250000001 0.3628267421875 0.6901530828125 0.3217107875 0.6613893578125001 0.3059082984375 0.650372678125 0.337988825 0.6765382171875001 0.3617916296875 0.6999493250000001 0.3628267421875