2 0.1303565828125 0.27424684843749997 0.16571981875 0.3256599078125 0.1867323546875 0.2620566421875 0.155722765625 0.2295400984375 0.1303565828125 0.27424684843749997
2 0.20853516249999998 0.11543113125 0.1858172953125 0.11590941875 0.172331196875 0.1510826421875 0.19552795 0.18040609375 0.21927831250000002 0.162326821875 0.20853516249999998 0.11543113125
2 0.294852071875 0.523049334375 0.33384023906250004 0.5439410671875 0.3338152015625 0.47894643437499995 0.292834225 0.47161786406250006 0.294852071875 0.523049334375
3 0.20545221875 0.4512950078125 0.21783615625000002 0.510929078125 0.249945159375 0.5049496953125 0.24008633906250001 0.4391962515625 0.20545221875 0.4512950078125
2 0.343008828125 0.8398249578125 0.3528921328125 0.9078450609375001 0.3945227515625 0.9074422 0.38109870468749996 0.84377815625 0.343008828125 0.8398249578125
2 0.4066173578125 0.8771536046874999 0.4393198546875 0.91035831875 0.45311910468749994 0.8482892421875 0.4219877109375 0.8405081593749999 0.4066173578125 0.8771536046874999
2 0.395870665625 0.950578478125 0.3416198125 0.9591239453125 0.3456613890625 0.9922307625 0.3889240234375 0.9934888093750001 0.39352790312499997 0.9928871453125 0.395870665625 0.950578478125
2 0.30735252343749997 0.06362701875 0.3331053609375 0.05795429375 0.337990028125 0.0324082453125 0.3212071453125 0.01617381875 0.302458340625 0.0111933234375 0.29663519531250004 0.038545856249999996 0.30735252343749997 0.06362701875
2 0.3416182890625 0 0.3446448734375 0.012420078125000001 0.3592105671875 0.02201759375 0.36625708437500004 0 0.3416182890625 0
2 0.6619248515625 0.00149518125 0.6720525609375 0.021022284375 0.6823546078125 0.00297395 0.6824563953125 0.002092225 0.6619248515625 0.00149518125
2 0.7042911468749999 0.0027271640624999998 0.7070301531250001 0.0110299828125 0.7263220125000001 0.0088403171875 0.7270691140625 0.0033895312499999997 0.7042911468749999 0.0027271640624999998
2 0.4968414515625 0.6893528609375 0.55824744375 0.6927146703125 0.5594666765625 0.6557255125 0.522126421875 0.6489993875 0.49405840625 0.6577622015625 0.4820624640625 0.6731682328125 0.4968414515625 0.6893528609375