2 0.8559124625000001 0.3095612640625 0.843867953125 0.28594367656249997 0.8154183968750001 0.28291502031250004 0.7903827890625 0.2844298421875 0.7812789312499999 0.308659090625 0.7824169140625 0.33591699531249997 0.8256602375 0.341217390625 0.849559346875 0.3351600796875 0.8559124625000001 0.3095612640625
2 0.8797952515624999 0.43226581093750005 0.8700430265625 0.40481917031250003 0.8393160234374999 0.40330533593749995 0.822246290625 0.41087747031250005 0.8199703265625 0.42904940781249995 0.830212165625 0.44343577031250003 0.8598011874999999 0.448735178125 0.8757329374999999 0.44797826093750004 0.8797952515624999 0.43226581093750005
2 0.8199703265625 0.43510671875 0.8006246296875 0.4282915015625 0.7710370921874999 0.44570652187500004 0.784692878125 0.47296541562499994 0.8149703265625 0.46862252968749996 0.8199703265625 0.4563073125 0.8199703265625 0.43510671875
2 0.7722833828125 0.5252094859375 0.7301765578125 0.514609684375 0.6835192875 0.5426245062499999 0.6857952515625 0.5729120546875001 0.716520771875 0.573668971875 0.7438323437500001 0.5660968375000001 0.7689094953125 0.5526986171875 0.7722833828125 0.5252094859375
2 0.5515103859375 0.5517104749999999 0.58906528125 0.5517104749999999 0.600445103125 0.54868181875 0.611965875 0.5345197625 0.6095489609375 0.508552371875 0.5947551921875001 0.5032519765625 0.56858011875 0.5024950593749999 0.5446824921875 0.5032519765625 0.5287507421875 0.5206669953125 0.526474778125 0.5297529640625 0.5333026703125 0.5448962453124999 0.5515103859375 0.5517104749999999
2 0.4823160234375 0.65495256875 0.47195845625 0.63802865625 0.44692284843749996 0.635 0.42757715156250004 0.64408596875 0.41847329375 0.65014328125 0.4196112765625 0.666043478125 0.4332670625 0.6736156125 0.46399258125 0.6736156125 0.4823160234375 0.65495256875
2 0.43212907968750003 0.513851778125 0.4014035609375 0.52445256875 0.372952521875 0.5388389328125001 0.3911602375 0.5592826093750001 0.429853115625 0.5638250984375001 0.452612759375 0.5509535578125 0.4618442140625 0.5390642296875 0.43212907968750003 0.513851778125
2 0.4730964390625 0.588812253125 0.474234421875 0.5774545453125 0.452612759375 0.5744258890625 0.43440504375 0.5744258890625 0.42757715156250004 0.585783596875 0.437818990625 0.6001699609375 0.44692284843749996 0.6024417 0.46968249218749997 0.5971413046875 0.4730964390625 0.588812253125
2 0.380918396875 0.573668971875 0.3638486640625 0.58124011875 0.386608309375 0.60168379375 0.39798813125 0.61152766875 0.4196112765625 0.6084990125 0.42643916875 0.594869565625 0.41407863437500003 0.573149209375 0.380918396875 0.573668971875
2 0.30831157343750004 0.516340909375 0.30694955468749996 0.48962252968750003 0.2750845703125 0.487351778125 0.24322106875 0.4956798421875 0.2420830859375 0.517638340625 0.2602908015625 0.5335385375 0.278498515625 0.5373241109375 0.3023976265625 0.535053359375 0.30831157343750004 0.516340909375
2 0.19211869374999999 0.4971946640625 0.20577448125000003 0.494922925 0.2114643921875 0.493409090625 0.22170623125 0.478264821875 0.216192878125 0.46407806249999994 0.210326409375 0.4510069171875 0.17618694375 0.44722134375 0.161393175 0.4510069171875 0.1522893171875 0.45933596874999993 0.14659940625 0.46842193749999994 0.15456528125 0.4820513828125 0.172772996875 0.4956798421875 0.19211869374999999 0.4971946640625
2 0.0784273 0.4222341890625 0.09777299687499999 0.41920553437499997 0.09094510312500001 0.40481917031250003 0.0659094953125 0.3927045453125 0.043148367187499995 0.388918971875 0.032906528125 0.39649110625 0.0317685453125 0.40406225312500005 0.0385964390625 0.41769170000000005 0.0579436203125 0.4222341890625 0.0784273 0.4222341890625
2 0.0807032640625 0.433591896875 0.0814243328125 0.452716403125 0.08753115781250001 0.46387944687499993 0.1034629078125 0.47296541562499994 0.12280860468749999 0.47296541562499994 0.1364643921875 0.45327865625 0.1364643921875 0.4320780625 0.11142878281249999 0.4222341890625 0.09322106875 0.42602075156249997 0.0807032640625 0.433591896875
2 0.0761513359375 0.28064328125000004 0.10189614218750001 0.264114625 0.10915281875 0.24884288593749998 0.0886691390625 0.2268843875 0.060219584375 0.22612747031249997 0.0385964390625 0.23748517812499997 0.0317685453125 0.24959980312500002 0.032906528125 0.26701482187500003 0.0511157265625 0.27837252968750004 0.0761513359375 0.28064328125000004
2 0.214986646875 0.2586857703125 0.2422982203125 0.24354249062500002 0.24798961406250003 0.21476976250000002 0.2206765578125 0.204926878125 0.1910890203125 0.2064407109375 0.177433234375 0.2155266796875 0.17288130625 0.23218478281250002 0.18198516250000002 0.24959980312500002 0.1979169140625 0.2571709484375 0.214986646875 0.2586857703125
2 0.154673590625 0.13857312187499998 0.128498515625 0.13857312187499998 0.1159807125 0.144630434375 0.12167062343749999 0.162802371875 0.135326409375 0.1681027671875 0.169467359375 0.162802371875 0.182074184375 0.151635375 0.154673590625 0.13857312187499998
2 0.14204747812500002 0.171888340625 0.11814836718749999 0.171888340625 0.11359643906250001 0.1824891296875 0.1215623140625 0.1930889328125 0.1329436203125 0.1930889328125 0.1522893171875 0.19081818125 0.1530727 0.18117588906249998 0.14204747812500002 0.171888340625
2 0.7403100890625 0.463399209375 0.7552626109375 0.44930830000000005 0.7425860531249999 0.43084090937499997 0.726654303125 0.43084090937499997 0.7141364984374999 0.43311264843749997 0.711860534375 0.43841304374999995 0.7084465875 0.44598418906250004 0.7084465875 0.4580988140625 0.712998515625 0.46491403125 0.7403100890625 0.463399209375
3 0.51384718125 0.339591896875 0.437154303125 0.3182470359375 0.4312151328125 0.3590760875 0.5084154296875 0.3867341890625 0.51384718125 0.339591896875
1 0.37438130625 0.4535573125 0.336200296875 0.45750988125000003 0.2985890203125 0.47200296406250003 0.3223442140625 0.5062579046875 0.336200296875 0.5418310281250001 0.36787240312499997 0.5365612640624999 0.407461425 0.5075760875 0.37438130625 0.4535573125
2 0.6885489609375 0.9449930828124999 0.7301186937499999 0.9489456515624999 0.7542032640625 0.9179841890624999 0.7142833828125 0.8962450593750001 0.680632046875 0.9120553359375 0.6885489609375 0.9449930828124999
2 0.37776854531250004 0.4430167984375 0.4292359046875 0.4430167984375 0.457467359375 0.421936759375 0.41141988124999995 0.39558596874999996 0.3520356078125 0.41271442656249996 0.37776854531250004 0.4430167984375
2 0.49829822031250004 0.5168488140624999 0.5043575671875 0.4939930828125 0.495807121875 0.483013834375 0.47944510312500005 0.47606719374999995 0.45049258124999997 0.47920454531249995 0.42894658750000003 0.49040810312499994 0.42894658750000003 0.50116403125 0.441066765625 0.5123675890625 0.45857270000000006 0.51953755 0.4821379828125 0.52177865625 0.49829822031250004 0.5168488140624999
2 0.0197626109375 0.42228952499999994 0.0069688421875 0.4227371546875 0.0029287828125 0.438870553125 0.0298620171875 0.44290415000000005 0.0375697328125 0.43999110625000004 0.044001484375 0.4276669953125 0.0197626109375 0.42228952499999994
2 0.6618501484375 0.513263834375 0.6389569734375 0.528052371875 0.6207774484375 0.5352233203125001 0.6322240359375 0.54687450625 0.6712759640625 0.5459782609375 0.6867626109375 0.534327075 0.6895994062499999 0.5193142296875 0.6618501484375 0.513263834375