2 0.7974375031250001 0.41229045781250007 0.8215964234375001 0.43174033593749994 0.849772725 0.42956540781249997 0.8866398765625 0.42152414687500006 0.8837837609375001 0.393914471875 0.8250055171874999 0.3843951859375 0.7974375031250001 0.41229045781250007
2 0.8167097375000001 0.49521075156250005 0.8181872328124999 0.5249294625 0.8383695515625 0.5318192609375 0.868067578125 0.52517958125 0.8655385015625001 0.5075466375000001 0.8486444453124999 0.4931347046875 0.8167097375000001 0.49521075156250005
2 0.7455397671874999 0.511624546875 0.739630159375 0.53028465 0.7536863984375 0.54337406875 0.774695075 0.5426004234375 0.7995271515625 0.5217035234375 0.7914652640625001 0.5051470046875 0.7455397671874999 0.511624546875
2 0.7160614671875 0.622414084375 0.7399832125 0.617144115625 0.723750490625 0.5775668406250001 0.6747619546875 0.58714419375 0.6594691375 0.608471340625 0.6643132203125 0.6250290749999999 0.6885803125 0.627786703125 0.7160614671875 0.622414084375
2 0.6830409890625 0.6538752546875 0.6845268234375 0.6454959578125 0.686038578125 0.6332845265625 0.6694621374999999 0.63152434375 0.6450653375 0.639627553125 0.648194046875 0.6540196671875 0.6649445453125 0.6565805328125001 0.6830409890625 0.6538752546875
2 0.5079600765625 0.5647411109375 0.5098063500000001 0.6018885671875001 0.5494547468750001 0.60664108125 0.5793035765625001 0.59496995625 0.5894757359375 0.5690224781250001 0.549735134375 0.5449038171875 0.5079600765625 0.5647411109375
2 0.462565675 0.5950841265625 0.448829103125 0.5729666890625 0.4205230953125 0.5860024609375001 0.41802421093750003 0.6031620984375 0.443834121875 0.607284371875 0.462565675 0.5950841265625
2 0.4321321765625 0.6698255921875 0.43201640937499997 0.6446042828125 0.39428005 0.648647171875 0.395910071875 0.6733351546875 0.4321321765625 0.6698255921875
2 0.44440965156249995 0.6661737828125001 0.427541446875 0.68132128125 0.4699265140625 0.687205040625 0.48947923125 0.6625440953124999 0.4686228625 0.6582860046875 0.44440965156249995 0.6661737828125001
2 0.48830086093749997 0.627574903125 0.47322731406249996 0.610707159375 0.4478092171875 0.6198447453125 0.45284974218749996 0.6430312578125 0.48409080624999995 0.6377572296875 0.48830086093749997 0.627574903125
2 0.39406357812500004 0.6361866921875 0.433710253125 0.6409384921875 0.4521330609375 0.6340021578124999 0.4332542703125 0.6101864140625 0.43319469218749995 0.6145847515625 0.40664082031250004 0.6195576968750001 0.39406357812500004 0.6361866921875
2 0.32762635625000003 0.548317121875 0.3043167390625 0.572878890625 0.3431613765625 0.5911239515625 0.3664923109375 0.5723925875 0.36388007187500004 0.5706007468750001 0.355978003125 0.5469415718749999 0.32762635625000003 0.548317121875
2 0.438987125 0.5448832515625 0.4276251453125 0.5212652765625 0.3751815328125 0.520681571875 0.35917075 0.532980921875 0.3690127296875 0.5610643609375 0.3853071546875 0.578717121875 0.4219989625 0.5698764828125 0.438987125 0.5448832515625
2 0.27335919375 0.5622600484375 0.355621665625 0.4896661328125 0.27802790312500003 0.48632944531250005 0.2526980765625 0.518788059375 0.27335919375 0.5622600484375
2 0.22334761093750002 0.4811821046875 0.23032007812500002 0.4731507453125 0.200882753125 0.4580674453125 0.17579080625000001 0.46297296875000005 0.15332885937500002 0.4857016953125 0.1743803875 0.49658986406250005 0.19573524375 0.49741585781250003 0.22334761093750002 0.4811821046875
2 0.22644276875 0.3407184390625 0.210628646875 0.3596475734375 0.23322170781249998 0.3719016890625 0.251144525 0.36839774375 0.276086028125 0.3557194546875 0.258008696875 0.33121364999999997 0.22644276875 0.3407184390625
2 0.388283675 0.33068934843750003 0.3675861234375 0.30536446562499997 0.32033578125 0.32293755 0.3279621734375 0.35228674843749996 0.3602445640625 0.3518100515625 0.388283675 0.33068934843750003
2 0.3980223359375 0.480292121875 0.3897019859375 0.49358790625 0.4261559140625 0.5123003578125 0.45635264218750005 0.5022295890625 0.47390708125 0.4840521671875 0.439841746875 0.47211634687500004 0.3980223359375 0.480292121875
3 0.5413410062499999 0.43935551562499997 0.5103773046875 0.41493628437499996 0.50742030625 0.4179975171875 0.45551709531249995 0.4197482453125 0.483457153125 0.4520704515625 0.5413410062499999 0.43935551562499997
2 0.7306154109375 0.51597861875 0.7034757890625001 0.49587568125 0.6832534625 0.51770878125 0.6920312562500001 0.545165559375 0.7149528875 0.5472717203124999 0.7306154109375 0.51597861875
2 0.6224322609375 0.9173185875 0.608037653125 0.9286016546875 0.61311198125 0.9454902578125 0.657584603125 0.9433831609375 0.6657802703125 0.9229594921875 0.647459590625 0.9161897671875 0.6224322609375 0.9173185875
2 0.1936672921875 0.30861395156250004 0.184653440625 0.32244744999999997 0.20666742187499998 0.33155468125 0.230673715625 0.32216707968749997 0.23239393125 0.3104314703125 0.22165517031249998 0.299118859375 0.1936672921875 0.30861395156250004
2 0.36051646718749997 0.25587758125 0.33969175625000003 0.2706782890625 0.344148428125 0.28657154687499997 0.36939360625 0.278282528125 0.37782720625 0.2679160109375 0.3753675015625 0.2596802046875 0.36051646718749997 0.25587758125