2 0.8095714140625001 0.083958253125 0.7859178484375 0.06614862656250001 0.7319034656250001 0.1232956953125 0.7449652125 0.1887039484375 0.7976537453125 0.2152201625 0.82999684375 0.169629528125 0.8333564906250001 0.12437482500000001 0.8095714140625001 0.083958253125
2 0.6034898078125 0.158700084375 0.6272748828125 0.199116659375 0.6707489625 0.198610740625 0.68130241875 0.14423055625 0.668045903125 0.1146852703125 0.6159071953125 0.11334133125000001 0.6034898078125 0.158700084375
2 0.7363282984375 0.261149428125 0.7163236796875 0.247816865625 0.6493669875 0.2599002984375 0.66244189375 0.327570871875 0.6716037375 0.34554914062500003 0.7096175312499999 0.3405858828125 0.7420263765625 0.3062973671875 0.7363282984375 0.261149428125
2 0.672927015625 0 0.6518334953125 0.060925640625 0.6466614328125 0.1062014359375 0.7046272328125001 0.1055268734375 0.7097719109375 0.055730515625 0.7004522609375 0.010624720312499999 0.6857418953125001 0 0.672927015625 0
2 0.7266798796875 0.1595276109375 0.69820106875 0.15839092500000002 0.6744121671875 0.20535146875 0.6836792140625 0.2414147546875 0.7362230921874999 0.2430644078125 0.7433905890625 0.2294156390625 0.743167034375 0.19098599375 0.7266798796875 0.1595276109375
2 0.588752740625 0.42790003125 0.5991999046875 0.3554348421875 0.58090141875 0.323997540625 0.5189973546875 0.27046056093750004 0.4921985734375 0.25906828593750003 0.4724266328125 0.36143237031250003 0.47295264843749996 0.451856103125 0.52375203125 0.46482894375 0.588752740625 0.42790003125
2 0.5679493828125 0.5886558296875 0.5264714484375 0.5433427203125001 0.479189896875 0.58968874375 0.483154459375 0.6484208609375 0.497856590625 0.6844222531249999 0.5449533296875 0.6838741781250001 0.5754840031249999 0.63830328125 0.5679493828125 0.5886558296875
2 0.3704126375 0.57512813125 0.3851268375 0.6133905046875 0.47182513437500007 0.5694270875 0.4716278765625 0.5355180171875 0.42582358906250006 0.5309581125 0.373798590625 0.5343953609375001 0.3704126375 0.57512813125
2 0.41542531718750003 0.839111871875 0.4246003140625 0.8593511062499999 0.484351146875 0.8541348875000001 0.507636503125 0.8086483078125 0.5128337859375 0.7678944578125 0.5090138765625001 0.7340289015625 0.47274565625 0.72766760625 0.44067563437499996 0.7476792015625 0.429534590625 0.7733860671875 0.41542531718750003 0.839111871875
2 0.7181681609375 0.87628215 0.680615884375 0.8736677281249999 0.623935234375 0.8705967578125 0.607868890625 0.91147709375 0.6281233609375 0.967759878125 0.69170319375 0.9805507328124999 0.703977128125 0.9801935984375 0.7186284234375 0.955402409375 0.7181681609375 0.87628215
2 0.9062800421875 0.826617678125 0.8759234703125 0.8036155359375 0.828322775 0.8162206453125 0.8268007546874999 0.8659748453124999 0.8450729421875 0.892891571875 0.888599625 0.9014281625 0.9065167484375 0.867308290625 0.9062800421875 0.826617678125