2 0.6201171875 0.2306547625 0.6279296875 0.21875 0.630859375 0.1979166671875 0.630859375 0.1666666671875 0.623046875 0.1383928578125 0.6142578125 0.12946428593749998 0.591796875 0.12946428593749998 0.5830078125 0.1383928578125 0.5810546875 0.21279761874999997 0.5947265625 0.22916666718749998 0.6064453125 0.23511904687500002 0.6201171875 0.2306547625
2 0.3369091796875 0.1659806546875 0.3019384765625 0.130852678125 0.27976171875 0.18679613125 0.30108496093750003 0.24143898749999998 0.3309384765625 0.20891369062499998 0.3369091796875 0.1659806546875
2 0.444380859375 0.548476190625 0.437556640625 0.528961309375 0.41382519531249995 0.5311264875 0.4017333984375 0.5797008921875 0.41367480468749995 0.6070223218749999 0.4418212890625 0.5940119046875 0.444380859375 0.548476190625
2 0.4334716796875 0.48354613124999996 0.4080849609375 0.444008928125 0.3917919921875 0.47892410781250006 0.3925498046875 0.5089672625 0.42286230468749997 0.4997232140625 0.4334716796875 0.48354613124999996
2 0.4903076171875 0.48239136875 0.47969824218749996 0.45093750000000005 0.4577216796875 0.4627470234375 0.45696386718750004 0.4916354171875 0.48197167968750004 0.5008779765625 0.4903076171875 0.48239136875
2 0.5865507812499999 0.4176830359375 0.58503515625 0.395727678125 0.56987890625 0.4061279765625 0.57973046875 0.395727678125 0.54487109375 0.4061279765625 0.56230078125 0.44310416718749995 0.57973046875 0.43617113124999995 0.5865507812499999 0.4176830359375
2 0.61307421875 0.43386011875 0.61686328125 0.4072827375 0.60928515625 0.38165178593750004 0.59261328125 0.3818616078125 0.59109765625 0.4269270828125 0.59109765625 0.45350297656249994 0.61307421875 0.43386011875
2 0.6934033203125 0.1854270828125 0.6835517578125 0.14498511875 0.66081640625 0.1727172625 0.66460546875 0.21315922656250003 0.6843095703125 0.231647321875 0.6934033203125 0.1854270828125
2 0.6365664062499999 0.2582232140625 0.61837890625 0.248275296875 0.59261328125 0.2732455359375 0.61155859375 0.29288839218749996 0.6289882812500001 0.29288839218749996 0.6365664062499999 0.2582232140625
2 0.65096484375 0.3633735125 0.6354296875000001 0.3262217265625 0.61610546875 0.30791071406250003 0.61231640625 0.34835267812500004 0.63883984375 0.374928571875 0.65096484375 0.3633735125
2 0.58048828125 0.5990967265625 0.57594140625 0.5713645828125 0.56608984375 0.565258928125 0.5456289062499999 0.5840744046874999 0.54866015625 0.614117559375 0.56987890625 0.6210505953125 0.58048828125 0.5990967265625
2 0.287970703125 0.616428571875 0.348595703125 0.639538690625 0.3743623046875 0.6198958328125 0.3766357421875 0.5875416671875 0.359205078125 0.5470982140625 0.353521484375 0.5375446421875 0.328134765625 0.5378541671875 0.322072265625 0.5713645828125 0.288728515625 0.57829761875 0.287970703125 0.616428571875
2 0.4069482421875 0.6765148812499999 0.3895185546875 0.65109375 0.3758779296875 0.6580267859375 0.37890917968750004 0.6938467265625 0.39330761718749996 0.6996249999999999 0.4069482421875 0.6765148812499999
2 0.6752158203125 0.8320119046875 0.64717578125 0.84279761875 0.65854296875 0.8705297625 0.6752158203125 0.8647514875000001 0.6752158203125 0.8320119046875
2 0.7616064453125 0.8162202375 0.7441767578125 0.8370193453124999 0.7472080078125 0.856663690625 0.7638798828125 0.8508854171875001 0.7616064453125 0.8162202375
3 0.7331884765625001 0.7592604171875 0.7131064453125 0.7873333328125 0.7388720703125 0.8023541671875 0.7464501953125 0.7780892859375 0.7331884765625001 0.7592604171875
2 0.3834560546875 0.72388988125 0.4016435546875 0.72273511875 0.42816699218750004 0.7065580359375 0.4524169921875 0.7308229171875 0.4910654296875 0.7134910718749999 0.47287792968750003 0.660337796875 0.42892480468749994 0.660337796875 0.40581152343750004 0.6518675593750001 0.4084638671875 0.662648809375 0.4046748046875 0.6950029765625 0.3834560546875 0.72388988125
2 0.56381640625 0.7419389875 0.55548046875 0.7907991078125 0.57821484375 0.7861770828125 0.58882421875 0.7642232140624999 0.56381640625 0.7419389875
2 0.61610546875 0.82854761875 0.5918554687500001 0.857818453125 0.6009492187500001 0.876306546875 0.62974609375 0.8716845234375 0.61610546875 0.82854761875
2 0.7222001953125 0.3208392859375 0.7002236328125 0.28291815468750003 0.6873408203125 0.302351190625 0.6805205078125 0.3347053578125 0.7017392578125 0.33932738125 0.7222001953125 0.3208392859375
3 0.5785205078125 0.1748720234375 0.5702353515625 0.1680922625 0.5557763671875 0.1758630953125 0.5658486328125 0.197662203125 0.576896484375 0.19667113125 0.5785205078125 0.1748720234375