3 0.371487971875 0.44315120312499995 0.3964140890625 0.41989862499999997 0.39708934687499997 0.375412371875 0.368908934375 0.3923161515625 0.371487971875 0.44315120312499995
1 0.6220979375 0.45326116875 0.652412371875 0.4370859109375 0.6510670109375 0.393611684375 0.6206168390625 0.4135360828125 0.6220979375 0.45326116875
2 0.339151203125 0.23285910625 0.3398247421875 0.20252920937500002 0.3203865984375 0.2180274921875 0.3169209625 0.2571237109375 0.339151203125 0.23285910625
2 0.3290463921875 0.2854329890625 0.345888315625 0.27329896875 0.34117353906250003 0.24802577343749999 0.31836426093750003 0.2619776625 0.3290463921875 0.2854329890625
2 0.3378041234375 0.332950171875 0.34656185625 0.29453092812500004 0.32163745781249997 0.301608246875 0.32163745781249997 0.3380051546875 0.3378041234375 0.332950171875
3 0.401130584375 0.07220274843749999 0.40921477656249994 0.038838487500000005 0.3830601375 0.0331254296875 0.37351030937499996 0.0742250859375 0.401130584375 0.07220274843749999
2 0.567530928125 0.6119914093750001 0.5971718218750001 0.5948041234375 0.593128865625 0.5614398625 0.5741168390625 0.5817628859374999 0.567530928125 0.6119914093750001
2 0.6375927828125 0.3926958765625 0.65376116875 0.3552869421875 0.6175841921874999 0.34381958749999997 0.6187302406249999 0.3825859109375 0.6375927828125 0.3926958765625
2 0.6712766328125 0.2703625421875 0.6834037796875 0.24003092812500001 0.661051546875 0.216510309375 0.653087628125 0.25620962187499996 0.6712766328125 0.2703625421875
2 0.6638659796875 0.4876357390625 0.6766649484375 0.43405154687499997 0.6479106531250001 0.442331615625 0.6423075593750001 0.48460309218750003 0.6638659796875 0.4876357390625
2 0.6901683843749999 0.3942130578125 0.6885309281249999 0.3729209625 0.6697079031250001 0.36636941562500003 0.6607044671875 0.3817130578125 0.6656151203125 0.40485738906249996 0.6713436421875 0.4064965640625 0.6901683843749999 0.3942130578125
2 0.5780463921875 0.5293333328125 0.596051546875 0.5227835046875 0.5985068734375 0.4900257734375 0.5755910656250001 0.49575773125 0.5780463921875 0.5293333328125
2 0.6697079031250001 0.357360825 0.689348796875 0.35981786875 0.6991701031249999 0.34180068750000003 0.6975326453124999 0.3172336765625 0.67379896875 0.3000360828125 0.6607044671875 0.28120103125 0.6467920968749999 0.304950171875 0.6545670109375 0.332609965625 0.6697079031250001 0.357360825
2 0.5903230234375 0.37619587656250003 0.5829570453125 0.410591065625 0.577228521875 0.44744158125 0.5886855671875 0.46955326406250003 0.5985068734375 0.486750859375 0.6132371140624999 0.4916632296875 0.6304243984375 0.4916632296875 0.6296065296875 0.47119072187500005 0.6181477656250001 0.4515360828125 0.6214226796875 0.41386597968750005 0.6148745703125 0.3925738828125 0.5903230234375 0.37619587656250003
2 0.4479209625 0.5588144328125 0.421731959375 0.553082475 0.4110927828125 0.563728521875 0.412730240625 0.579288659375 0.433189003125 0.6046752578125 0.44137285156250006 0.608769759375 0.48884020625 0.59976116875 0.504390034375 0.5678230234375 0.51912199375 0.5448934703125 0.48147594531250004 0.53997938125 0.4708367703125 0.564548109375 0.4479209625 0.5588144328125