2 0.884782609375 0.3904891296875 0.884782609375 0.3717391296875 0.8782608703125 0.361956521875 0.87608695625 0.3456521734375 0.8467391296875 0.3445652171875 0.8347826093749999 0.3586956515625 0.8347826093749999 0.38369565156249996 0.8445652171875 0.39891304375000003 0.8532608703125 0.40543478281249995 0.850257609375 0.40166521718750003 0.884782609375 0.39673912968749997 0.8815217390625 0.3934782609375 0.884782609375 0.3904891296875
2 0.7728652171875 0.509119565625 0.815506521875 0.517656521875 0.8257402171875 0.4835097828125 0.8042391296875 0.46542500000000003 0.7643358703125 0.48265543437499997 0.7728652171875 0.509119565625
2 1 0.4788611953125 0.9969891296875 0.44692282656250004 0.891805434375 0.3806152171875 0.8381619562499999 0.4806021734375 0.9338782609375 0.5363847828125 1 0.5038127296875 1 0.4788611953125
3 0.55453804375 0.6798554343750001 0.5758586953125 0.6798554343750001 0.5818293484375 0.6704652171875 0.5687739125 0.6497021734375 0.5519793484375 0.6474152171875 0.55453804375 0.6798554343750001
2 0.9170489125 0.3837728265625 0.931775 0.41113804375 0.9591228265625 0.40377065156249997 0.9622782609374999 0.3708706515625 0.942293478125 0.3437771734375 0.921256521875 0.350092390625 0.9170489125 0.3837728265625
2 0.828694565625 0.356407609375 0.8265913046875 0.334305434375 0.813969565625 0.3393152171875 0.788725 0.33956739062499997 0.7834663046875 0.3679847828125 0.8118652171875 0.3837728265625 0.828694565625 0.356407609375
2 0.8518358703125 0.2753652171875 0.8244880437500001 0.260630434375 0.8265913046875 0.262005434375 0.79608804375 0.261682609375 0.788725 0.279575 0.8066065218749999 0.3016771734375 0.8329021734375001 0.297467390625 0.8518358703125 0.2753652171875
2 0.966167390625 0.342869565625 0.9870630437499999 0.32484456562499997 0.96688804375 0.3110086953125 0.8710554343749999 0.2779793484375 0.8234999999999999 0.3060978265625 0.8299847828125 0.3421478265625 0.9200521734375 0.3241228265625 0.966167390625 0.342869565625
2 0.9106858703125 0.3796402171875 0.91861195625 0.3601728265625 0.9150086953125 0.3457532609375 0.89411304375 0.33854347812499996 0.8818641296875 0.3421478265625 0.8883489125 0.363057609375 0.9106858703125 0.3796402171875
2 0.8472782609375 0.421457609375 0.8501597828125 0.4055956515625 0.8361097828125 0.39531195625 0.8198967390625 0.3933391296875 0.8134119562500001 0.40631739062500005 0.8119706515624999 0.4185739125 0.8321467390624999 0.421457609375 0.8472782609375 0.421457609375
2 0.8451163046874999 0.46183369531249996 0.8523217390625 0.4481347828125 0.8447554343749999 0.43746304374999995 0.8292641296875001 0.43659891249999994 0.8198967390625 0.4524608703125 0.8451163046874999 0.46183369531249996