2 0.529696078125 0.6203697046875 0.5404615734375 0.5881984171875 0.4867431328125 0.5881873265625 0.4841890484375 0.6224286875 0.529696078125 0.6203697046875
2 0.370903834375 0.6665015890625 0.3373609421875 0.651989746875 0.3283864640625 0.5921751765625001 0.2827460828125 0.6137254734375001 0.27798129375 0.6299571625 0.3041898765625 0.6496701109374999 0.3086062953125 0.6809298359375 0.3637628375 0.6872722203125 0.370903834375 0.6665015890625
2 0.4006845796875 0.617966471875 0.43605006093750004 0.61696583125 0.4353434546875 0.591905659375 0.39587225 0.5906182046875 0.4006845796875 0.617966471875
2 0.6979406890625001 0.5983985609375 0.690847771875 0.62370888125 0.7198135859375 0.6292902359375 0.743972134375 0.6110440125000001 0.7447505109375 0.5961796203125 0.7178712875000001 0.5893053562499999 0.6979406890625001 0.5983985609375
2 0.8032494343750001 0.55795483125 0.8217547078124999 0.5321004515625 0.7868574140625 0.5177187921875 0.7760000453125 0.5388884109375 0.8032494343750001 0.55795483125
2 0.8220275046875001 0.3948554296875 0.797904934375 0.4095904703125 0.799594509375 0.4209563 0.8237063015625001 0.4177870171875 0.844702065625 0.4021560359375 0.842423909375 0.38787780625 0.8220275046875001 0.3948554296875
2 0.199051390625 0.6188614671875 0.22317612343749998 0.6012927593749999 0.2136345203125 0.5908623656249999 0.1664248203125 0.5940857453125 0.16879539062499999 0.618657228125 0.199051390625 0.6188614671875
2 0.7356004640625 0.63780048125 0.7255590265625 0.662903540625 0.739734028125 0.6763973812499999 0.7623343890625 0.67089914375 0.7605090234375 0.6469904390625 0.7356004640625 0.63780048125
2 0.37305192656249997 0.5702988171875 0.4206412765625 0.572454615625 0.43863264218750003 0.566822159375 0.4305010046875 0.545808 0.4013878953125 0.5434202796875 0.36046853749999996 0.5314558500000001 0.3188355765625 0.522932978125 0.30193106406250003 0.56207135 0.37305192656249997 0.5702988171875
2 0.8305825265625 0.5338226171875 0.8570936343750001 0.514630478125 0.8361077171875 0.4918367703125 0.8072472421875 0.50985128125 0.8305825265625 0.5338226171875
2 0.20774869218749997 0.53232345 0.2251699390625 0.517301796875 0.1990583484375 0.5076677109375 0.1826873875 0.5238291609375 0.20774869218749997 0.53232345