2 0.61669921875 0.1610541734375 0.62060546875 0.16910688125 0.62890625 0.1742313328125 0.64306640625 0.172767203125 0.6484375 0.1661786234375 0.6494140625 0.1617862375 0.6484375 0.129575403125 0.64599609375 0.1244509515625 0.64306640625 0.1229868234375 0.64208984375 0.11639824375 0.625 0.11639824375 0.61962890625 0.1229868234375 0.61376953125 0.1237188875 0.61376953125 0.15885797968749998 0.61669921875 0.1610541734375
2 0.57275390625 0.5571010249999999 0.57470703125 0.5556368953125 0.57470703125 0.541727671875 0.57275390625 0.54026354375 0.57177734375 0.5314787703125 0.5703125 0.5314787703125 0.56982421875 0.5285505125000001 0.55224609375 0.5285505125000001 0.55126953125 0.5622254765625 0.55908203125 0.5673499265624999 0.5712890625 0.5673499265624999 0.57275390625 0.5571010249999999
2 0.70263671875 0.37847730625 0.70458984375 0.374816984375 0.70458984375 0.34626647187500004 0.69970703125 0.3396778921875 0.69775390625 0.33308931249999996 0.68359375 0.33308931249999996 0.677734375 0.3396778921875 0.67724609375 0.379941434375 0.685546875 0.38579795 0.69384765625 0.38579795 0.70263671875 0.37847730625
2 0.625 0.577598828125 0.63232421875 0.577598828125 0.64013671875 0.570278184375 0.64599609375 0.5541727671875 0.64599609375 0.53806735 0.64501953125 0.5329428984375 0.63720703125 0.5204978031249999 0.63720703125 0.517569546875 0.6181640625 0.517569546875 0.6171875 0.5241581265625 0.61474609375 0.5256222546875 0.61376953125 0.5666178625 0.61669921875 0.56881405625 0.61865234375 0.57393850625 0.625 0.577598828125
2 0.599609375 0.11639824375 0.6083984375 0.11639824375 0.6171875 0.1046852125 0.6171875 0.07759882812499999 0.61181640625 0.0710102484375 0.61083984375 0.0666178625 0.591796875 0.0666178625 0.58984375 0.0673499265625 0.58984375 0.10761347031249999 0.5927734375 0.11200585625 0.599609375 0.11639824375
2 0.73193359375 0.409744509375 0.734375 0.409744509375 0.7421875 0.40169180156250006 0.7451171875 0.3826581265625 0.7431640625 0.38046193281249996 0.7421875 0.371677159375 0.73974609375 0.37021303125 0.73974609375 0.366552709375 0.73583984375 0.359964128125 0.7197265625 0.359964128125 0.71533203125 0.36435651562500004 0.71484375 0.3958352859375 0.71826171875 0.398031478125 0.72021484375 0.402423865625 0.73193359375 0.409744509375
2 0.79150390625 0.34626647187500004 0.79833984375 0.34626647187500004 0.8046875 0.34040995625 0.810546875 0.327232796875 0.810546875 0.3103953140625 0.8056640625 0.3030746703125 0.8046875 0.29355783281250003 0.79931640625 0.2840409953125 0.796875 0.2803806734375 0.7822265625 0.2803806734375 0.78076171875 0.2862371890625 0.77490234375 0.290629575 0.7744140625 0.33308931249999996 0.78271484375 0.34260615 0.79052734375 0.344070278125 0.79150390625 0.34626647187500004
2 0.6943588875 0.21339824375 0.705212403125 0.187688140625 0.6960727531249999 0.1619780375 0.6806489265625 0.17311859375 0.6606547843749999 0.2228250359375 0.6469448250000001 0.2588191796875 0.648658690625 0.3008125921875 0.6597978515625 0.3228865296875 0.6777924796875 0.314524890625 0.6737934578125 0.25282064375 0.691502440625 0.23310907812499998 0.6943588875 0.21339824375
2 0.5058452140624999 0.5724019031250001 0.49441992187499995 0.5758294296875001 0.49156396406249997 0.5981120062499999 0.498990234375 0.6075388 0.5092724609375 0.5946837484375 0.5058452140624999 0.5724019031250001
2 0.5458330078125 0.5784004390625 0.5389780281250001 0.5721171296875001 0.5269814453125 0.5843997078125 0.5292666015624999 0.6032540265625 0.5475463875 0.5929699859374999 0.5458330078125 0.5784004390625
2 0.565541015625 0.6042342609375 0.5486889640625 0.6058250359375 0.5486889640625 0.6323916546875 0.560685546875 0.6323916546875 0.565541015625 0.6042342609375
2 0.59724560625 0.533576134375 0.5903906250000001 0.5544048312500001 0.5978168937499999 0.561260615625 0.6041005859374999 0.5475483156250001 0.59724560625 0.533576134375
2 0.705783690625 0.4936383609375 0.6906455078125 0.4873272328125 0.68521875 0.5107789171875 0.7017851562499999 0.5193484625 0.71092529375 0.5056368953125 0.705783690625 0.4936383609375