2 0.2416184484375 0.791742146875 0.210182390625 0.8353992140625 0.20668972812500003 0.8790575921875 0.22939308125000002 0.9183494765625 0.25209643593750003 0.9358115187499999 0.3044895171875 0.881239528125 0.2922641515625 0.8179371734374999 0.2416184484375 0.791742146875
2 0.363867925 0.809205496875 0.3533888890625 0.8615942406249999 0.3660031453125 0.8902709421875 0.41625995781249997 0.8921544499999999 0.42848532500000003 0.8484973828125 0.4057819703125 0.809205496875 0.363867925 0.809205496875
2 0.363867925 0.6673180624999999 0.327192871875 0.6716832453125 0.2957568140625 0.7044267015625 0.30099685468750004 0.7480837703125001 0.32020754687499997 0.7611819375 0.384824946875 0.750267015625 0.37259958125 0.6847801046875001 0.363867925 0.6673180624999999
2 0.3609901640625 1 0.38133123750000003 0.9423612562500001 0.38657127812500003 0.8987028796875001 0.33068553437500003 0.8987028796875001 0.325446540625 0.9467264390624999 0.334178196875 0.9903835078125001 0.34720605312499997 1 0.3609901640625 1
2 0.30099685468750004 0.7655471203124999 0.2940104828125 0.7786452875000001 0.2940104828125 0.8157539265624999 0.3097285109375 0.8463141359374999 0.3371771484375 0.847731675 0.36037421406250003 0.8026557593750001 0.3516425578125 0.7677303671875 0.30099685468750004 0.7655471203124999
2 0.5559737953125 0.56690445 0.5070733749999999 0.5538075921875001 0.44420230624999996 0.58873429375 0.43372431875000006 0.6585863875 0.45118867968750004 0.689146596875 0.5105670859375 0.741535340625 0.536338575 0.7528363875 0.5559737953125 0.6542198953125 0.5559737953125 0.56690445
2 0.5332693921875 0.3420680625 0.4878626828125 0.3420680625 0.45817400468749997 0.38572643906250004 0.4651593296875 0.433748690625 0.5048920328125 0.47796727812500006 0.5507337531250001 0.433748690625 0.547241090625 0.3769947640625 0.5332693921875 0.3420680625
2 0.5577201265625 0.45339528749999997 0.5577201265625 0.48613874375000005 0.6018522015625 0.4910562828125 0.6520262046874999 0.4883219890625 0.6555188671875001 0.44903010468750004 0.64154821875 0.41192015781249997 0.5577201265625 0.45339528749999997
2 0.599634171875 0.2569358640625 0.613604821875 0.19363219843749999 0.604873165625 0.17398691093750002 0.547241090625 0.17835209375 0.5245377359375001 0.222010471875 0.5192987421875 0.26130235625 0.5227914046875 0.29404450312499997 0.5577201265625 0.300594240625 0.5887494765625 0.2816321984375 0.599634171875 0.2569358640625
2 0.4092746328125 0.06702486875 0.337670859375 0.051744764062500004 0.321953878125 0.077939790625 0.321953878125 0.15434031406249998 0.358141509375 0.1572866484375 0.4127672953125 0.16088874375 0.42848532500000003 0.121596859375 0.4092746328125 0.06702486875
2 0.19970440312499999 0.1368769640625 0.15779035624999999 0.1281452875 0.1403259953125 0.16088874375 0.1403259953125 0.20018062812499998 0.1694622640625 0.222731675 0.21542243125 0.21109555000000002 0.2171687625 0.1630719890625 0.19970440312499999 0.1368769640625