2 0.1466612546875 0.598236709375 0.1283653203125 0.5820672109375 0.044361843750000005 0.58084416875 0.0341693 0.5903433687499999 0.033874903125 0.6156695375 0.04383705 0.625990815625 0.07564624375 0.6361015375 0.1109169515625 0.6375401734375 0.1344691578125 0.6351958484375 0.1480080171875 0.626934796875 0.1532258859375 0.6117243890624999 0.1466612546875 0.598236709375
2 0.102967478125 0.241142775 0.03953551875 0.26357308437500004 0.0787247921875 0.30462198906250004 0.1272599640625 0.299866109375 0.1643613453125 0.2677016734375 0.102967478125 0.241142775
2 0.5604525953125 0.442622190625 0.5755058859375 0.41148415 0.544825725 0.3967616609375 0.4898431203125 0.40815976093749995 0.48708831406249997 0.434818834375 0.5090245875 0.4434119765625 0.5604525953125 0.442622190625
2 0.43121303125 0.3809126890625 0.3915920203125 0.3976767046875 0.4358834390625 0.42812202812500005 0.45428096562500003 0.416904 0.46511168593749996 0.383150246875 0.43121303125 0.3809126890625
2 0.4120904171875 0.45450796718750003 0.3984734 0.47874430468750007 0.43383515 0.49215508437500005 0.45480955312500004 0.48360682656250004 0.4447056015625 0.454983396875 0.4120904171875 0.45450796718750003
2 0.33477947812500003 0.5949768718749999 0.3595398046875 0.5976965812499999 0.3804960234375 0.590857359375 0.38854953281250004 0.5715234234375 0.3470443390625 0.55016806875 0.33484900624999997 0.588995490625 0.346716559375 0.5783660046875 0.33477947812500003 0.5949768718749999
2 0.3999088375 0.6044724953125 0.3699136203125 0.603249040625 0.31903003281250003 0.6028833578125 0.3185746984375 0.621672321875 0.34740406875 0.63139710625 0.37745063125 0.628348215625 0.3999088375 0.6044724953125
2 0.0820826765625 0.6701585875 0.050484448437499996 0.6945174890625 0.0960006578125 0.7074875671874999 0.14828690625000002 0.69936158125 0.127678346875 0.6762927999999999 0.0820826765625 0.6701585875
2 0.196439128125 0.5978830765625001 0.16791844218750002 0.62578595625 0.1789078984375 0.6467515125000001 0.21813251875 0.6398025406250001 0.2183609703125 0.6201494328125 0.196439128125 0.5978830765625001
2 0.23525650781250002 0.6259679031250001 0.2556701796875 0.6486001875 0.29739839218749997 0.66782741875 0.31059908125 0.65468764375 0.28095150625 0.6235572859375 0.23525650781250002 0.6259679031250001
2 0.5892916968749999 0.588260246875 0.581744753125 0.5640155546875001 0.547875896875 0.559214546875 0.5263713890624999 0.581419390625 0.5331334890625 0.59280875 0.564374128125 0.5992123312500001 0.5892916968749999 0.588260246875
2 0.49787745625 0.3404588734375 0.5085857203125 0.34730730468750004 0.554004271875 0.3688233796875 0.590551009375 0.36774939687499997 0.6130588921875 0.33960016406250004 0.5877699796875 0.270177625 0.5447230656250001 0.26927670312499996 0.5364609687499999 0.30655477656249996 0.49855954999999996 0.3118479453125 0.49787745625 0.3404588734375
2 0.6335681265625001 0.37121377187500004 0.6255642781249999 0.3862752921875 0.654027709375 0.4070986953125 0.680290025 0.39278190468749996 0.6739570234375 0.3762807203125 0.6335681265625001 0.37121377187500004
2 0.8629671406250001 0.7182535578125 0.8697073953125001 0.6997198421874999 0.83855615 0.6856259125 0.8260151953125 0.7167463484375001 0.8629671406250001 0.7182535578125
2 0.8461548984375 0.8175897125 0.8528951390625 0.7990571 0.8307630296875 0.794734815625 0.8070594015625 0.8134304078125 0.8461548984375 0.8175897125
3 0.7642210734375 0.7945853421875 0.791707265625 0.787157578125 0.775091525 0.75741365625 0.7431434546875 0.7787650796875 0.7642210734375 0.7945853421875
2 0.6262240953125 0.404682296875 0.6354811890625001 0.43113396562500006 0.63490509375 0.4806939734375 0.694658825 0.5036485421875 0.7147271984375 0.460867809375 0.6876581796875 0.43240729062499994 0.7062642953125 0.40324512187500006 0.707806015625 0.38279069374999997 0.67492433125 0.40538636875 0.638357725 0.4081693171875 0.6262240953125 0.404682296875
2 0.7506369703125 0.61621345625 0.7755545406250001 0.6052613703125 0.781069225 0.5798396640625 0.725813375 0.5869896375 0.7506369703125 0.61621345625
2 0.8713881734375001 0.6673026531249999 0.876982321875 0.6350450859375 0.8562346921874999 0.6239401671875 0.8228799484374999 0.6499360984375 0.8713881734375001 0.6673026531249999
2 0.2280479953125 0.70603445625 0.20594579687499998 0.7196660406250001 0.2484579140625 0.7461917921875 0.26959291875 0.7239718765625 0.2646543296875 0.699833575 0.2280479953125 0.70603445625
3 0.087010028125 0.55186393125 0.0780498625 0.5678096375 0.0855933328125 0.577463803125 0.11021845781249999 0.5766361625 0.1114818484375 0.5642246156249999 0.087010028125 0.55186393125