2 0.20371244531250002 0.473956084375 0.1812757921875 0.4724057109375 0.1722695125 0.4841179234375 0.180633421875 0.4926081265625 0.1951958125 0.49619679687499996 0.202950065625 0.48556715937500006 0.20371244531250002 0.473956084375
2 0.2501532578125 0.5260863062500001 0.2426127375 0.5191866546874999 0.23604658125000003 0.520594984375 0.22699701874999997 0.5337551328125001 0.23884547031249997 0.5473443078125 0.2501532578125 0.5260863062500001
2 0.2483293046875 0.39678777656249997 0.233655715625 0.40225514687499997 0.2332223546875 0.412304053125 0.24545303437500002 0.4094292609375 0.2483293046875 0.39678777656249997
2 0.3741671421875 0.5588177109375 0.362016325 0.5461240359375 0.3472496625 0.5543337921875 0.34916145 0.567283990625 0.3741671421875 0.5588177109375
2 0.4542984171875 0.5928440171875 0.4370687984375 0.5912756203125 0.4280865796875 0.5971099484375 0.43680939218750003 0.6068342140625 0.45114102031250003 0.60867325625 0.4542984171875 0.5928440171875
2 0.38963570000000003 0.4636181671875 0.382785059375 0.452181221875 0.36363964531250004 0.44545002812499995 0.36103487031250003 0.45810901406250004 0.374274246875 0.468124490625 0.38963570000000003 0.4636181671875
2 0.1706709109375 0.49164434375 0.1684144921875 0.5153193359375 0.1930488 0.5150742671875 0.194211515625 0.4995739171875 0.1706709109375 0.49164434375
2 0.7370130578125 0.5011318390625 0.735936225 0.4877779765625 0.7220219734375 0.489629225 0.7149515390625 0.5084137531249999 0.7284341109375 0.516611515625 0.7370130578125 0.5011318390625
2 0.778862990625 0.39251543906249997 0.7750322921875 0.37944151718749997 0.7597959015625 0.377542440625 0.7502075968749999 0.387919465625 0.7688668484375001 0.39828439375 0.778862990625 0.39251543906249997
2 0.762612584375 0.6058519578125 0.757799028125 0.5899662796875 0.7370228421875 0.5886267125 0.7269469203125001 0.6026356796875 0.74633530625 0.6075508468749999 0.762612584375 0.6058519578125
2 0.779279765625 0.34856644062500003 0.7751501671875001 0.3308914703125 0.7582975390625 0.3206430265625 0.7500825015625 0.3411854421875 0.762902828125 0.3475105203125 0.779279765625 0.34856644062500003
2 0.6804499734375 0.60742539375 0.6502310484375 0.6114329656249999 0.6431770515624999 0.616474921875 0.6614191546875 0.6231478734375 0.67365005625 0.6202713937500001 0.6804499734375 0.60742539375
2 0.3779945171875 0.3429964765625 0.3673867359375 0.362319959375 0.374110859375 0.3801605140625 0.4078996609375 0.3795907 0.4195246609375 0.3634791625 0.44547384531249995 0.3371207734375 0.3779945171875 0.3429964765625
2 0.54956633125 0.42689948906249997 0.5393125171875 0.4181445703125 0.5241489328125 0.41716688125 0.52892380625 0.429614584375 0.542536290625 0.436159109375 0.54956633125 0.42689948906249997
2 0.093684371875 0.47034840468750005 0.08679565 0.45047846406250003 0.06386762968750001 0.44738275781250003 0.068735028125 0.4711667125 0.0805375046875 0.479211934375 0.093684371875 0.47034840468750005