2 0.526634375 0.7960015625 0.5339390625 0.7872203125 0.5363734375 0.7733156250000001 0.5261484375000001 0.7674624999999999 0.5154359375 0.76819375 0.515340625 0.7891250000000001 0.526634375 0.7960015625
2 0.5807781249999999 0.7266421875 0.5605781249999999 0.71881875 0.5546859375000001 0.7266421875 0.5563687500000001 0.7325375000000001 0.5689953125 0.739275 0.5807781249999999 0.7266421875
2 0.441896875 0.7364953125 0.44778906249999995 0.7493828125 0.45704687499999996 0.748540625 0.45368125 0.7375906249999999 0.441896875 0.7364953125
2 0.583303125 0.6001375 0.5723609374999999 0.6129390625 0.5807781249999999 0.6255734375 0.5925625 0.6222046875 0.583303125 0.6001375
2 0.624546875 0.5228203125 0.6098171875 0.521859375 0.6093968750000001 0.5379796875 0.6152890625 0.5455609375 0.62370625 0.5362953125 0.624546875 0.5228203125
2 0.49997499999999995 0.6112546875 0.494925 0.5976125 0.48482343749999995 0.605359375 0.4797734375 0.6238890625 0.49155781249999997 0.62473125 0.49997499999999995 0.6112546875
2 0.53364375 0.7965484375 0.555528125 0.7957062500000001 0.55384375 0.772965625 0.539534375 0.7738078125000001 0.53364375 0.7965484375
2 0.5235421875 0.2778875 0.5088125 0.271871875 0.4966078125 0.27451875000000003 0.49913281249999997 0.28715156249999996 0.516809375 0.2913640625 0.5235421875 0.2778875
2 0.41243749999999996 0.255146875 0.40654531250000003 0.2466203125 0.39476093749999996 0.251778125 0.39391875 0.266096875 0.4040203125 0.2736765625 0.41243749999999996 0.255146875
2 0.6060296875 0.25009375 0.6035046875 0.2352578125 0.5891953125 0.24167187499999998 0.5891953125 0.2610421875 0.6026625 0.2686234375 0.6060296875 0.25009375
2 0.36614375 0.2669390625 0.36614375 0.2516703125 0.35015 0.2576734375 0.3417328125 0.27451875000000003 0.3610921875 0.27957187499999997 0.36614375 0.2669390625
2 0.622021875 0.3157078125 0.6098171875 0.3110109375 0.6152890625 0.3384484375 0.6203390625 0.3443453125 0.6253890625 0.32665781250000003 0.622021875 0.3157078125
2 0.41917031250000003 0.622284375 0.41664531250000003 0.591121875 0.40115468749999994 0.58236875 0.3754015625 0.5616421875000001 0.38479687500000004 0.623290625 0.403178125 0.63070625 0.41917031250000003 0.622284375
2 0.460640625 0.45967343749999995 0.4517171875 0.4543203125 0.44428124999999996 0.46488125 0.44428124999999996 0.47901875 0.455434375 0.473065625 0.460640625 0.45967343749999995
2 0.5275609375 0.8814015625 0.5186390624999999 0.8703453124999999 0.5007921875 0.8791703125 0.49930624999999995 0.900746875 0.52086875 0.89330625 0.5275609375 0.8814015625