3 0.37272055625 0.3975170765625 0.348353803125 0.4176702921875 0.35985635 0.46724549687500005 0.379939815625 0.44127124999999995 0.37272055625 0.3975170765625
1 0.6225169140625 0.383297071875 0.5964812625 0.40670214375 0.6049512171875 0.44551021874999996 0.6315187484375 0.4258025515625 0.6225169140625 0.383297071875
2 0.270393684375 0.2527138 0.27394976875 0.291529484375 0.29123679375 0.2649023734375 0.286521784375 0.2350446671875 0.270393684375 0.2527138
2 0.2958849453125 0.2795348875 0.27621023437500003 0.29611191875 0.290733 0.317786809375 0.3049360890625 0.303748103125 0.2958849453125 0.2795348875
2 0.2864033203125 0.334600834375 0.2928462015625 0.3703289890625 0.307646825 0.36332455625 0.3093484203125 0.3245048609375 0.2864033203125 0.334600834375
3 0.2985095671875 0.0632915734375 0.29651344375 0.104842496875 0.3229706578125 0.09936805625 0.3249131640625 0.06559555156249999 0.2985095671875 0.0632915734375
2 0.5959760281250001 0.5553609078124999 0.5811156859375 0.577712303125 0.5800727109375 0.608217409375 0.605807190625 0.5876013953125 0.5959760281250001 0.5553609078124999
2 0.5811959843750001 0.338649725 0.5891709374999999 0.3765589796875 0.60927331875 0.3841002875 0.6183484 0.34533615 0.5811959843750001 0.338649725
2 0.6008604203125001 0.20818838906249998 0.6001560968749999 0.2481643515625 0.620320240625 0.2597594171875 0.6267246890625 0.2284530921875 0.6008604203125001 0.20818838906249998
2 0.6280768250000001 0.43152057031249996 0.6301198328125001 0.473723196875 0.6515867015625 0.4739766515625 0.65452728125 0.41976011875 0.6280768250000001 0.43152057031249996
2 0.6386316609375 0.3924982890625 0.644483371875 0.393383665625 0.6605850203125 0.37894773125 0.6552262234375 0.3582537140625 0.6357921140625 0.35420045 0.6297671968749999 0.37039957343749996 0.6386316609375 0.3924982890625
2 0.58855575 0.48457956874999997 0.56732254375 0.49310115625 0.5756497656249999 0.5257496640625 0.591970675 0.517045596875 0.58855575 0.48457956874999997
2 0.6600464640625 0.32636119375 0.65410795 0.3024524328125 0.6280217890625 0.28856909375 0.6119748328125 0.2717343390625 0.6026719843749999 0.2968046625 0.6151165390625 0.3229740375 0.6341974375 0.3453573828125 0.65370078125 0.3452880546875 0.6600464640625 0.32636119375
2 0.5871956953125 0.3868505203125 0.5604605828125 0.3738750296875 0.5593978500000001 0.40856878906249994 0.5603594796875 0.4454659 0.5753967249999999 0.46572394375000004 0.5879760328125 0.481364828125 0.60314649375 0.484326071875 0.61983280625 0.482154809375 0.6154147875 0.46216177968750005 0.6008108140624999 0.4443158546875 0.5973220109375 0.406924178125 0.5871956953125 0.3868505203125
2 0.47779869531249997 0.573861171875 0.4545358734375 0.5711277906250001 0.42809556718749997 0.5688095984375 0.419651034375 0.5806040828125 0.42399517812500004 0.5956714609375 0.44835147812500004 0.6180070578125 0.45702158125 0.620992465625 0.5015106890625 0.6061528593750001 0.5109536703125 0.5728371390625 0.5211972968749999 0.5484678046875 0.483778671875 0.5483998203125 0.47779869531249997 0.573861171875