3 0.6219034984375 0.30624246093749996 0.64737323125 0.342051309375 0.654187303125 0.29863184375 0.63422759375 0.2642586546875 0.6219034984375 0.30624246093749996
3 0.4690890328125 0.47911322656250005 0.50030856875 0.477878234375 0.5000854953125 0.4356081828125 0.47155365624999995 0.4309559390625 0.4690890328125 0.47911322656250005
3 0.3935023578125 0.43713089531250005 0.40418337187500003 0.47170475312500004 0.42718749999999994 0.461826296875 0.424884040625 0.4208000875 0.3935023578125 0.43713089531250005
3 0.29902024374999997 0.371686678125 0.31052279843749997 0.40626053593749994 0.34092079375 0.387738615625 0.327776140625 0.3482247921875 0.29902024374999997 0.371686678125
3 0.4386900546875 0.81733119375 0.4773044421875 0.8086877296875 0.45323899375 0.7576871578125 0.42883058125 0.76917390625 0.4386900546875 0.81733119375
3 0.48962853749999996 0.612355078125 0.49702240625 0.666685846875 0.5265998421875 0.6740943203125 0.5296737421875 0.617008796875 0.48962853749999996 0.612355078125
3 0.593148584375 0.644458953125 0.5816460296875 0.7074331875000001 0.62683274375 0.7148431375000001 0.62829795625 0.6651351 0.593148584375 0.644458953125
3 0.5479608890625001 0.5210970328125 0.575073703125 0.52480053125 0.5777525546875 0.472628415625 0.5504255109375 0.4642962796875 0.528242925 0.4889916828125 0.5479608890625001 0.5210970328125
3 0.5200265328125 0.3630432140625 0.5446747249999999 0.3951470875 0.57282134375 0.3171419609375 0.5561772796875 0.274137109375 0.5356367921875 0.31241594375 0.5200265328125 0.3630432140625
3 0.2612273984375 0.345756284375 0.2932694578125 0.34081631875 0.3077672953125 0.293079546875 0.2793022796875 0.25561519062500004 0.2636920203125 0.28772054062499997 0.2612273984375 0.345756284375
3 0.663143671875 0.279841384375 0.6945489390625 0.2885114078125 0.6908736234374999 0.2604017046875 0.6650668234375 0.249980265625 0.663143671875 0.279841384375
3 0.7144182390625 0.372316715625 0.7052997249999999 0.33404526093750003 0.67852594375 0.3193360265625 0.6682714234375 0.3491971453125 0.6926267687500001 0.371353215625 0.7144182390625 0.372316715625