2 0.44738242968749997 0.239185425 0.46468750937500003 0.2263272 0.4794088171875 0.152011796875 0.47264202187500004 0.140976040625 0.4502371015625 0.135415321875 0.43946961250000005 0.1420992125 0.42534216249999995 0.16822115625 0.41834094843749997 0.1992305390625 0.416595853125 0.22062877187500002 0.42172173749999997 0.23437603125 0.43435934062500003 0.24219072812500003 0.44738242968749997 0.239185425
2 0.7710543999999999 0.27511787499999996 0.761466459375 0.2141148109375 0.718712940625 0.24031451406249998 0.7150500828124999 0.2843951578125 0.7375422125 0.3240609375 0.7710543999999999 0.27511787499999996
2 0.5181668296875 0.63907663125 0.5433282765625 0.658955175 0.5613609625 0.634800484375 0.56018188125 0.583606490625 0.53699470625 0.575582721875 0.525815415625 0.5932578515625 0.5181668296875 0.63907663125
2 0.593855496875 0.537260878125 0.585425521875 0.49858084218750004 0.5512442453124999 0.53152855625 0.5582028640625001 0.550207671875 0.5863687390625001 0.5668850937500001 0.593855496875 0.537260878125
2 0.5317145359375 0.5048859546875 0.512438575 0.4877265609375 0.49480876875 0.51631165 0.49898219531250004 0.5367196671875 0.5259983328125 0.5337395265625 0.5317145359375 0.5048859546875
2 0.4197335171875 0.40686328281249995 0.4133028203125 0.4282743625 0.41596406874999997 0.44830862656250003 0.4317970171875 0.459503396875 0.4574673390625 0.42712703281250003 0.4250249765625 0.40817657812499997 0.432521896875 0.4209357765625 0.4197335171875 0.40686328281249995
2 0.400742225 0.4626928140625 0.406696259375 0.4363215484375 0.41528083281250006 0.3912278390625 0.3986975453125 0.3868921296875 0.385395990625 0.41044959218750005 0.383221234375 0.437760403125 0.400742225 0.4626928140625
2 0.3941042765625 0.166808615625 0.37763870625 0.13366134999999998 0.358751140625 0.171352940625 0.357467078125 0.21946865781249997 0.3812640890625 0.20600111718749997 0.3941042765625 0.166808615625
2 0.439615059375 0.2834480875 0.4195079984375 0.2522912453125 0.3991371359375 0.257659834375 0.39893001250000004 0.2939342359375 0.41631623125 0.29824935468749997 0.439615059375 0.2834480875
2 0.4084151109375 0.31203032343750003 0.3850367078125 0.32541619375 0.3612168515625 0.3584358359375 0.3707228296875 0.37290374531250003 0.4031341515625 0.3530989640625 0.4084151109375 0.31203032343750003
2 0.3843708671875 0.6342035421875 0.40708996875 0.632577075 0.41684449375000004 0.6035157 0.4006499859375 0.5797795265625 0.38945508906250004 0.583399190625 0.37870647343749997 0.60979211875 0.3843708671875 0.6342035421875
2 0.6188972781250001 0.6049047890625 0.6110874875000001 0.6129776953125 0.5846393875 0.6487943828125 0.5796585640624999 0.6814622734375 0.6009601390625 0.7073329953124999 0.66661150625 0.699409921875 0.6743984000000001 0.6613849562499999 0.6426910796875 0.6462502953125 0.6441513375000001 0.611496990625 0.6188972781250001 0.6049047890625
2 0.5696039015625 0.718924396875 0.5575505656249999 0.7086676953125 0.5344690265625001 0.7295779734375001 0.5428980671875 0.7558871968750001 0.5585551515625 0.7537180765625 0.5696039015625 0.718924396875
2 0.2246981828125 0.8499494343749999 0.24003489375 0.8598109624999999 0.2575868109375 0.8351065562500001 0.23203312343750002 0.8174619390625001 0.2246981828125 0.8499494343749999
2 0.1393617875 0.8142393140624999 0.154697525 0.8241006000000001 0.1621223125 0.805357965625 0.1493959046875 0.7804038906249999 0.1393617875 0.8142393140624999
3 0.1730571734375 0.7463188140625 0.17518012031250002 0.7722729984375001 0.20424673593749998 0.7637466921875 0.190504215625 0.7309181640625 0.1730571734375 0.7463188140625
2 0.54112486875 0.70540185 0.5161715703125 0.7080846484375 0.47232806250000003 0.6972030484375 0.4422775203125 0.745444325 0.47694656249999995 0.772211021875 0.5065723609375 0.754136615625 0.5294053515625 0.776755621875 0.54728878125 0.782404225 0.532594740625 0.7484865562499999 0.536063721875 0.7154434390625 0.54112486875 0.70540185
2 0.33339657031250003 0.7715834203124999 0.3390609625 0.7959948421874999 0.3607031265625 0.8062096921874999 0.3633345453125 0.75566203125 0.33339657031250003 0.7715834203124999
2 0.2685012390625 0.8680861578125001 0.29619077968749996 0.8798019140625 0.3094039046875 0.8637075421875 0.2917721875 0.82865844375 0.2685012390625 0.8680861578125001
2 0.33860297031250003 0.28887766875 0.3301060453125 0.266404828125 0.29968848124999997 0.29859317500000004 0.31595633749999996 0.3220044890625 0.3381576828125 0.3226712390625 0.33860297031250003 0.28887766875
3 0.4981775578125 0.1959352890625 0.48549560156249993 0.1846446359375 0.47571217812500005 0.1893210171875 0.472448303125 0.21135434062499997 0.48324656250000003 0.21507292812499998 0.4981775578125 0.1959352890625