2 0.5379580765624999 0.6745465828125 0.503775428125 0.6932360671875 0.508133109375 0.720635509375 0.512730815625 0.734376378125 0.5184653921875 0.7521562453125 0.5461422046875 0.7598723203125 0.5994011390625 0.7567838796874999 0.6082416921875 0.7352403390625 0.5931574765625001 0.6988143171875 0.5597040062499999 0.6757293484375 0.5379580765624999 0.6745465828125
2 0.294377090625 0.59337578125 0.3055802015625 0.6174521765625001 0.31525075 0.6176209765625 0.33831747343749996 0.6123980812500001 0.349238703125 0.6101780781249999 0.3495471921875 0.592504765625 0.3484928390625 0.5836459390625001 0.3341264390625 0.5753590109375 0.30148894375 0.574789321875 0.294377090625 0.59337578125
2 0.271479009375 0.5622123296875 0.26811798750000004 0.5468845265625 0.2512798671875 0.5417693484375 0.22946384531250003 0.5446023671875 0.2051059875 0.55462399375 0.21327342656249998 0.5716431421875 0.244618175 0.5770115328125 0.271479009375 0.5622123296875
2 0.1270316359375 0.5229280203125 0.1340511140625 0.5381156640625 0.149626128125 0.546423690625 0.1786517875 0.546127146875 0.1945353125 0.5367607859375 0.19252313593749998 0.513420365625 0.1817841828125 0.505197828125 0.15523185625 0.50232265 0.1285953625 0.5042694140624999 0.1270316359375 0.5229280203125
2 0.439281428125 0.577998759375 0.4608714796875 0.588019221875 0.486341421875 0.5836414624999999 0.5045720640625 0.57833415 0.5001286203124999 0.5557555546875 0.4737165046875 0.5448477328125 0.450707475 0.546857815625 0.434455659375 0.5644697390625 0.439281428125 0.577998759375
2 0.48226521875 0.60928624375 0.4859113203125 0.628071221875 0.484317865625 0.6302156640625001 0.5108561953125 0.6338927109375 0.5277940734375 0.6333851765625 0.5460106828125 0.62888188125 0.553446290625 0.6185648734375 0.541553221875 0.6071062234375 0.5259517703125 0.6004051859375 0.506610675 0.6000675875 0.48226521875 0.60928624375
2 0.5093951703124999 0.6483320859374999 0.5178561296875 0.667215065625 0.5283576437499999 0.6703609265625 0.5380281921875001 0.6705297265625 0.5549941171875 0.6684152343750001 0.5635401796874999 0.6637431406250001 0.5662238562499999 0.648520846875 0.5554568703125 0.6419041937500001 0.54457770625 0.641714296875 0.5240279937500001 0.6413556015624999 0.5093951703124999 0.6483320859374999
2 0.5063836421875 0.543811565625 0.5106051 0.5633872249999999 0.52274499375 0.5762407265625 0.5420860890625 0.576578328125 0.5650686640625 0.576176303125 0.5795877140625 0.5756254734375 0.5845920546875 0.566070290625 0.5752860937500001 0.5450142625 0.5452621625 0.5332391375000001 0.527199796875 0.5289057765625 0.5063836421875 0.543811565625
2 0.5521439453125 0.4160328046875 0.5132233609375 0.4290151328125 0.5057316734375 0.44254498125 0.506759609375 0.45300971875 0.513885096875 0.46036706875 0.5319895265625 0.46229052968750006 0.5695472500000001 0.4581237625 0.5819295046875 0.441464384375 0.578654225 0.4213168109375 0.5762930734375 0.4180617765625 0.5521439453125 0.4160328046875
2 0.6278115843750001 0.5145896390625 0.6134467984375 0.5063027390625 0.5774482640625 0.49040632031250003 0.5568985515625 0.49004762343749997 0.51810418125 0.4957991796875 0.5042403656250001 0.5126313453125 0.5128474140625 0.5198159078125 0.5309378265625 0.5225423109375 0.5622561390625 0.5295176875000001 0.5823851640625 0.5539775265625 0.6244828609375 0.5667665875 0.650093015625 0.5543561859375 0.6538310625 0.5479916421875 0.65391519375 0.5431718437499999 0.6278115843750001 0.5145896390625
2 0.66955766875 0.4783524078125 0.6829101468750001 0.47537165468750003 0.6833308328125 0.4512705125 0.6762177484375 0.44311019218750003 0.6557241171875 0.4395386546875 0.626712471875 0.43903225468749996 0.6096624171875 0.4459665453125 0.5993737046875001 0.46244019375 0.66955766875 0.4783524078125
2 0.6984711484374999 0.4844826203125 0.700537809375 0.5046090984375 0.6905727890625 0.52131066875 0.702548390625 0.527948415625 0.727934184375 0.5283915265625 0.74262310625 0.5182011296875 0.7549913453125 0.5023446953125 0.743338265625 0.4772296171875 0.7312909359375 0.47460869843750003 0.711949840625 0.4742710984375 0.6984711484374999 0.4844826203125
2 0.4212915671875 0.5760772984375 0.4008820828125 0.5676848875 0.38153937187500003 0.5673472609375 0.35480634843750003 0.5749167953125001 0.3543016328125 0.587186646875 0.35698518749999997 0.588616515625 0.361539196875 0.604768328125 0.37108355 0.612166828125 0.38550605 0.6172398421875 0.40122129375000004 0.6175141515625 0.41588055468749996 0.60893068125 0.42571938125 0.5994588109375 0.42961326875 0.584258715625 0.4212915671875 0.5760772984375
2 0.307238884375 0.5290844265625 0.30442663125 0.536877146875 0.3419710890625 0.5481736359375 0.36013161718750003 0.54688318125 0.3735978875 0.5374757 0.376351678125 0.518236553125 0.3704331765625 0.5109013421874999 0.3511762296875 0.5057428703125 0.325748353125 0.5077107328125 0.3135203609375 0.5155323796875 0.307238884375 0.5290844265625
2 0.3092081484375 0.470639725 0.3031740421875 0.484815659375 0.32122239218750004 0.4899519609375 0.3357133921875 0.49100808906250004 0.34901140625 0.49124020625 0.36514731875 0.46741445 0.35204563437499997 0.45593470468749997 0.32788408750000003 0.4547097765625 0.3073047296875 0.45595693437499996 0.3092081484375 0.470639725
2 0.345465415625 0.417246484375 0.3561919296875 0.4262741375 0.3742526828125 0.43060747031249996 0.3973053890625 0.42618751718750003 0.40011526093749994 0.403735525 0.3929741265625 0.3971821625 0.376093940625 0.3944768828125 0.3652131625 0.39428695937499997 0.3518466515625 0.3980717265625 0.345465415625 0.417246484375
3 0.34010367656249996 0.648591984375 0.34007562812500003 0.6501989421875 0.34953583125 0.6624183140625 0.36498465156250004 0.6779560375 0.3794616171875 0.6798161796875 0.4302893046875 0.6774884875 0.43085019999999996 0.64535470625 0.3936150203125 0.6310430734375 0.3489862953125 0.624638546875 0.34010367656249996 0.648591984375