2 0.7248627125 0.42847288125 0.723891525 0.45621694843749994 0.7379796609375 0.4620576265625 0.7452661015625 0.46278644062499996 0.753523728125 0.45329661093749996 0.7564389828125 0.43577288125 0.7564389828125 0.41971016875 0.7544966109375 0.41459999999999997 0.7399220343749999 0.4065694921875 0.7360355937499999 0.4065694921875 0.72797288125 0.4082372875 0.7248627125 0.42847288125
2 0.32268644062499996 0.373213559375 0.3182610171875 0.3810169484375 0.31631864374999996 0.39269661093749997 0.31874745781249997 0.41241016875 0.3216627125 0.4233610171875 0.327005084375 0.4313932203125 0.334777965625 0.432123728125 0.347408475 0.4240932203125 0.3498372875 0.40511016875 0.3483796609375 0.3810169484375 0.34400677968750004 0.359113559375 0.32268644062499996 0.373213559375
2 0.6252745765625 0.27562372812499997 0.6238169484375 0.268322034375 0.615559321875 0.2581016953125 0.607786440625 0.2581016953125 0.5975847453124999 0.2595610171875 0.5980711859375 0.2997169484375 0.6209033890625 0.30847796562499996 0.6262457625 0.30336779687500004 0.6252745765625 0.27562372812499997
2 0.6655949156250001 0.7295423734375001 0.6655949156250001 0.745605084375 0.6655949156250001 0.7558254234375 0.6723966109374999 0.76312711875 0.6821118640625 0.7616661015624999 0.6884271187500001 0.7470661015625 0.6908559328125 0.733922034375 0.6889118640625 0.7273525421875 0.6816254234375 0.719322034375 0.674823728125 0.7207813562500001 0.6747610171875 0.7190661015625001 0.6655949156250001 0.7295423734375001
2 0.43338983124999997 0.73166440625 0.44213389843749995 0.732394915625 0.445049153125 0.716332203125 0.44456271249999996 0.704650846875 0.439705084375 0.7017288140625 0.43193220312499997 0.7017288140625 0.42400847500000005 0.7026474578124999 0.42027288125 0.7229016953125 0.4261033890625 0.728013559375 0.43338983124999997 0.73166440625
2 0.6733745765625 0.3708711859375 0.66317288125 0.3431288140625 0.651513559375 0.34750847500000004 0.6388830515625 0.367950846875 0.64082711875 0.38766440625 0.6563711859375 0.3971559328125 0.6675457625 0.38693389843750003 0.6733745765625 0.3708711859375
2 0.3347338984375 0.5011525421874999 0.34493559375 0.49969322031249996 0.3463932203125 0.48801186406249997 0.3454203390625 0.4690288140625 0.3381338984375 0.46610847499999997 0.3303610171875 0.4646474578125 0.329876271875 0.46245762656249995 0.3157881359375 0.48582203437500004 0.32210338906249997 0.5011525421874999 0.3347338984375 0.5011525421874999
2 0.767049153125 0.44926779687499996 0.7466525421875 0.4789542375 0.7299644062499999 0.5012203390625001 0.7197661015625 0.5184915250000001 0.7151305078125 0.5420389828125 0.7271830515625 0.5596661015625 0.7503610171874999 0.5596661015625 0.7522152546875 0.5401830515625 0.756850846875 0.5040033890625 0.7753932203125 0.47617118593749996 0.767049153125 0.44926779687499996
2 0.7021440671875 0.3932559328125 0.71008135625 0.4064932203125 0.7294830515624999 0.40384576250000004 0.7338932203125 0.390608475 0.7228694921875001 0.375477965625 0.703908475 0.37207627187500003 0.7021440671875 0.3932559328125
2 0.39876440625 0.6903220343750001 0.39435593281250003 0.7162423734375001 0.41111186406250005 0.71888983125 0.41287457656250004 0.6959457625 0.39876440625 0.6903220343750001
2 0.3548610171875 0.3984067796875 0.359567796875 0.41301016874999996 0.35533050781250003 0.43091016875 0.3602745765625 0.4491932203125 0.3708661015625 0.44928135625000004 0.3765152546875 0.43797627187500004 0.3788694921875 0.42148983125 0.3864016953125 0.400291525 0.3840474578125 0.38474745781249997 0.3713372875 0.3724983046875 0.35533050781250003 0.383805084375 0.3548610171875 0.3984067796875
2 0.3689830515625 0.4949745765625 0.381223728125 0.5062796609375 0.39958305156249996 0.502040678125 0.400994915625 0.484140678125 0.3967576265625 0.46576949218749997 0.3774576265625 0.47000847500000004 0.37227796562500004 0.46755254218750003 0.3689830515625 0.4949745765625
2 0.3590966109375 0.5425525421875 0.3765152546875 0.5401966109375 0.3807525421875 0.5166440671875 0.3699254234375 0.50062711875 0.3567440671875 0.5053389828125 0.34968135624999996 0.525122034375 0.3590966109375 0.5425525421875
2 0.6454830515625 0.7523525421875 0.64408983125 0.7400830515625 0.6365661015625 0.7355525421875 0.6256983046875 0.751794915625 0.6365661015625 0.758486440625 0.6454830515625 0.7523525421875
2 0.5741372874999999 0.7948067796875 0.581523728125 0.7809474578125 0.571367796875 0.7692372875 0.5630576265625 0.77678983125 0.5635186437499999 0.7883389828125 0.5741372874999999 0.7948067796875