2 0.5426587296875 0.1914682546875 0.55654761875 0.20039682499999997 0.5793650796875001 0.20039682499999997 0.5922619046875 0.1894841265625 0.591269840625 0.1626984125 0.5763888890625 0.16071428593749998 0.5674603171875 0.1547619046875 0.550347221875 0.1547619046875 0.547619046875 0.1577380953125 0.5446428578125 0.1547619046875 0.540146825 0.1862728171875 0.5367063484375 0.1835317453125 0.5426587296875 0.1914682546875
2 0.4420734125 0.2569087296875 0.46622718281250003 0.264693453125 0.4819533734375 0.228273809375 0.46544742031249997 0.20864980156250001 0.43428174531249997 0.2179900796875 0.4420734125 0.2569087296875
2 0.468101190625 0.1973125 0.5593591265625 0.1483521828125 0.498840278125 0.052351190625 0.4479275796875 0.0475515875 0.4171884921875 0.10995238125 0.468101190625 0.1973125
3 0.28624305625 0.4561755953125 0.315851190625 0.4585109125 0.31376388906249997 0.4431825390625 0.29481349218749997 0.43126686562499994 0.28624305625 0.43671627031250004 0.28624305625 0.4561755953125
2 0.5315009921875 0.1118720234375 0.5564771828125 0.1253125 0.5872172625000001 0.121472221875 0.5929811515625001 0.10227182500000001 0.5682529765625 0.08403174531249999 0.5382251984375 0.08691170625 0.5315009921875 0.1118720234375
2 0.6016259921875 0.207873015625 0.5814533734375 0.2059533734375 0.5564771828125 0.22131349218750002 0.5708869046875 0.247233134375 0.5968234125 0.24243353124999997 0.597053571875 0.2193928578125 0.6016259921875 0.207873015625
2 0.6676140875 0.207873015625 0.668869046875 0.209792659375 0.655420634375 0.184832340625 0.635248015625 0.20211309531250002 0.6314057546875 0.22611309531249998 0.6515783734375 0.24243353124999997 0.6679087296875 0.23571329375 0.6676140875 0.207873015625
2 0.6228888890625 0.07982440468749999 0.6102609125 0.0614107140625 0.5938095234375 0.08048214218750001 0.6109196421875 0.12257142812499999 0.5944682546875 0.20477579375000002 0.62737103125 0.21069444375000002 0.653034721875 0.167290675 0.6228888890625 0.07982440468749999
2 0.578016865625 0.1238859125 0.5602490078125 0.1311200390625 0.575383928125 0.15150694375 0.5944682546875 0.1574255953125 0.5977579359375 0.14624603125 0.5911775796875001 0.127174603125 0.578016865625 0.1238859125
2 0.5459454359375 0.199185515625 0.5365595234375 0.18636210312499998 0.522082340625 0.1889920640625 0.522082340625 0.2028025796875 0.5247142859375 0.2212172625 0.53590079375 0.2199017859375 0.54774603125 0.213983134375 0.5459454359375 0.199185515625
2 0.48523115156249996 0.190965278125 0.4937857140625 0.213983134375 0.508262896875 0.20543353125000002 0.5074742062500001 0.1912946421875 0.49773412656250005 0.1843888890625 0.48523115156249996 0.190965278125