2 0.8636253515625001 0.5536154296875 0.8669589343749999 0.53726919375 0.8629129484375 0.527181746875 0.8638832984375 0.5124479703125 0.8380429453125 0.5044849828125 0.8249243953125 0.51394576875 0.82047961875 0.535740753125 0.8264519703125 0.551345725 0.833006128125 0.5591100046874999 0.8310122171875 0.5551057921875 0.8625141578125 0.5590641749999999 0.8602012890624999 0.555441865625 0.8636253515625001 0.5536154296875
2 0.7947123171875 0.62059713125 0.7788546375000001 0.5996911546875 0.7403941921875 0.605174059375 0.7432552453125 0.6302843484375 0.7795633171875 0.647919946875 0.7947123171875 0.62059713125
2 0.9478742953125 0.6795247171875001 0.95312710625 0.6296364234375 0.871610590625 0.5466861140625 0.8062482296875 0.6210316031249999 0.881237746875 0.6925431140625 0.9478742953125 0.6795247171875001
3 0.5451070421875001 0.72527968125 0.5372174265624999 0.70405766875 0.522726053125 0.6980492859375 0.51922821875 0.7269422828125001 0.5381411515625001 0.732038825 0.5451070421875001 0.72527968125
2 0.89344195625 0.55547318125 0.9016397515625 0.5828503203125 0.9272090734375 0.582964728125 0.9358574921875 0.5550368109375 0.922946546875 0.5266395234375 0.903162484375 0.5271163984375 0.89344195625 0.55547318125
2 0.8199306625 0.5104957531250001 0.8219944890625 0.49072432343749994 0.8099074140625 0.4920747171875 0.7874688546875 0.48626003593749995 0.7777516624999999 0.5097772468749999 0.8001365421875001 0.5303298015625 0.8199306625 0.5104957531250001
2 0.8100675765625001 0.45750181406249996 0.8341421515624999 0.46011750781250005 0.854867253125 0.44537480625 0.8332275015624999 0.42599173749999997 0.8348487812500001 0.42769323124999997 0.8078476140624999 0.4201202125 0.798134965625 0.43395870781249996 0.8100675765625001 0.45750181406249996
2 0.8236104359375 0.49837250156249996 0.906711296875 0.50418825625 0.944285771875 0.5315551515625 0.9660263828125 0.5208359171875 0.950589615625 0.50395113125 0.87145160625 0.4522480984375 0.8242673406250001 0.4653939953125 0.8236104359375 0.49837250156249996
2 0.888532225 0.5503493359375 0.8990243546875 0.53527235 0.8983916765625001 0.52184005 0.8811375828125 0.5105596171875 0.86963110625 0.5107738734375 0.8716659968749999 0.530553146875 0.888532225 0.5503493359375
2 0.79404275 0.5606945703124999 0.8114276765625 0.568031515625 0.8248504125 0.57164859375 0.8302266421875 0.5585089578125 0.8195916421874999 0.5461850921875 0.8055602703125 0.540589575 0.7975003890625 0.550353875 0.79404275 0.5606945703124999
2 0.8197668640625 0.5849990593750001 0.8061786109375 0.5805426296875 0.7950489562499999 0.5921318671875 0.815754096875 0.6063316421875 0.824581375 0.59611134375 0.8197668640625 0.5849990593750001