2 0.7393265578125 0.117865871875 0.729579778125 0.141858096875 0.7285253578125 0.18683069375 0.75615129375 0.1906171703125 0.7822186624999999 0.18358203125 0.7875030546875 0.1579852140625 0.788664246875 0.128441984375 0.76637963125 0.11379057031249999 0.7393265578125 0.117865871875
2 0.6281912281250001 0.080124590625 0.6250395796875 0.09643335 0.62602375 0.127366165625 0.6391642078124999 0.1392779625 0.6580347921875 0.138682009375 0.6683061625 0.1218573171875 0.6713522671875001 0.0901177609375 0.644820615625 0.07745579531249999 0.6281912281250001 0.080124590625
2 0.6370473249999999 0.15924242500000002 0.632987334375 0.1386965453125 0.6113682859375 0.1366615859375 0.5980631187500001 0.14062061875 0.5891118453125 0.17133576875 0.614868953125 0.18799345 0.6370473249999999 0.15924242500000002
2 0.47623745156249997 0.23176585312500003 0.472419709375 0.2634312296875 0.50296510625 0.26867861249999997 0.5385022734375 0.22339350468750002 0.5339829234375 0.179080815625 0.5054472390625 0.1799113578125 0.4880386875 0.204410253125 0.47623745156249997 0.23176585312500003
2 0.5298557109375001 0.3637272125 0.5266605015625 0.3480071390625 0.5005415906249999 0.343029503125 0.48437910000000006 0.35351608125 0.47959081406250004 0.3649263828125 0.4739810828125 0.4035412359375 0.47821004843750003 0.4229169203125 0.49263231718749995 0.4313910671875 0.5022375953125 0.429922990625 0.5223761437500001 0.41521317656249995 0.5267176874999999 0.39071371250000003 0.5298557109375001 0.3637272125
2 0.3365968828125 0.48182798125000004 0.332007284375 0.513420703125 0.33768905625 0.5281887328125 0.3537331078125 0.5308850281249999 0.3612698609375 0.5221056390625 0.3734249140625 0.5030860500000001 0.37407615 0.47705312187500004 0.3583653453125 0.4647787640625 0.3365968828125 0.48182798125000004
2 0.443454890625 0.5274693546875 0.4423073234375 0.5676903234374999 0.4604347546875 0.5883742453125 0.4793549265625 0.5605010859374999 0.4947545546875 0.5299258890625 0.47348313124999997 0.49695202656250004 0.45998019218749997 0.5053028234375 0.443454890625 0.5274693546875
2 0.4154305671875 0.48331793593750005 0.40662585 0.5062111890625001 0.40758254687499995 0.515790053125 0.4207230046875 0.527701846875 0.43332480156250003 0.5217714234375 0.43604456249999995 0.503049809375 0.43618584374999997 0.48052718437499997 0.4244339734375 0.4806071046875 0.4154305671875 0.48331793593750005
2 0.3963693359375 0.53371219375 0.39005096250000004 0.555654928125 0.398389284375 0.5683008093749999 0.41583677343750003 0.5936651328125 0.4261071375 0.5768403421875 0.43159043906249994 0.5427940734375001 0.41128771249999996 0.5279998234375001 0.3963693359375 0.53371219375
2 0.453755971875 0.661283859375 0.44787049218749997 0.685639540625 0.44901102187499997 0.7047245171875 0.462505296875 0.724972328125 0.48506719687500005 0.725909934375 0.498319221875 0.6939464875 0.50076345625 0.6609641765625 0.473721159375 0.656999128125 0.453755971875 0.661283859375
2 0.5183989046875 0.8143353296875 0.524469003125 0.799487378125 0.5257082640624999 0.764020990625 0.51325541875 0.7567342984375001 0.4996121953125 0.7497036078125 0.482639140625 0.758780878125 0.4802455015625 0.764486075 0.4758891015625 0.77830923125 0.474544078125 0.7983463468750001 0.48572177187500004 0.8183761 0.49843034218750004 0.827875040625 0.5085455750000001 0.8228966625 0.5183989046875 0.8143353296875
2 0.5413247765625 0.882803621875 0.53534659375 0.902404628125 0.5322868609375 0.92346644375 0.5340290421875 0.9437957000000001 0.546907596875 0.9521245390624999 0.5547981671875 0.9516811609375001 0.5640496265625 0.9418770734375 0.56358925625 0.9181101671875 0.5549751875 0.8912051171875 0.5413247765625 0.882803621875
2 0.5047104015625 0.89639714375 0.524104678125 0.898974246875 0.5336950984375 0.8868298593749999 0.5402761609375 0.8684717031250001 0.5339776609375 0.8417846109375 0.5123586109375 0.8397496515625 0.490243453125 0.851901209375 0.4873537078125 0.8717929249999999 0.494239221875 0.8890464625 0.5047104015625 0.89639714375
2 0.736082078125 0.9106245578125 0.71674989375 0.8874550343750001 0.7000927609375001 0.8934506546875 0.6793922546875 0.9183355687500001 0.6779681515625 0.9442957468750001 0.6836222796875 0.9569371656250001 0.722446778125 0.9544491796875001 0.7326043062500001 0.9399497328124999 0.736082078125 0.9106245578125
2 0.7420433875 0.7510604734374999 0.7225215656249999 0.7776893515625 0.7215165125 0.7953862640625 0.7268573046875 0.8124944015625 0.7432561828125 0.82352680625 0.7609230234375 0.8204453468749999 0.772228153125 0.8072762593749999 0.778191478125 0.7769989453124999 0.772234178125 0.7479702203125 0.7420433875 0.7510604734374999
2 0.8029933187499999 0.8682926328124999 0.8063585109375 0.8828426046875 0.8240392015625 0.8904373609375 0.832085909375 0.8781476671874999 0.8359957874999999 0.8512338234374999 0.826768653125 0.8218060765624999 0.8134981078125 0.83369684375 0.8029933187499999 0.8682926328124999
2 0.7771580484375 0.8683443546875 0.775457975 0.8800468875 0.7850771015625 0.889255025 0.7965670703125001 0.8855921484374999 0.8001369796875 0.8610185046875 0.7923129953125 0.8487906296875 0.782363365625 0.8486705984375 0.7771580484375 0.8683443546875
2 0.6088397828125001 0.2038674328125 0.592237228125 0.21788944843750002 0.5866128640625 0.24582646718749998 0.5928826593750001 0.2511610359375 0.6052364015625 0.25232387031250003 0.6134669421875001 0.24954029218749998 0.619211928125 0.24770885312500002 0.62339834375 0.2350557984375 0.625778134375 0.2186743859375 0.6088397828125001 0.2038674328125
3 0.635776396875 0.46368791875 0.6524486890625 0.5457219234374999 0.6949707828125 0.543534140625 0.684660546875 0.46262785937500006 0.635776396875 0.46368791875
1 0.4518937703125 0.625876571875 0.48609929531249996 0.643538253125 0.5174819484375 0.6712519109375 0.5378792484375 0.6339702171875 0.5476130875 0.5950909703125 0.4974694046875 0.5558921484375 0.46199854218749997 0.59381636875 0.4518937703125 0.625876571875
2 0.14696014531249998 0.20310361718749997 0.1307549265625 0.1599703765625 0.09558473437500001 0.18176284843749999 0.0934058765625 0.2248852453125 0.12581116718750002 0.23618717031249997 0.14696014531249998 0.20310361718749997
2 0.6122612765625 0.5625714453125 0.5922686765625 0.5126950078125 0.566555509375 0.5396998859375 0.55886761875 0.5926198703125001 0.5859242625000001 0.6219877015625 0.6122612765625 0.5625714453125
2 0.5403527218749999 0.484901196875 0.53571303125 0.46741059375000005 0.5257942875 0.45756496562500004 0.5015823203124999 0.4616015046875 0.4941412515625 0.4777446546875 0.49290654843750004 0.5021901640624999 0.497603096875 0.52087840625 0.50721735 0.5344160484375 0.518185578125 0.5354484671875 0.5328286859375 0.5143697390625 0.5403527218749999 0.484901196875
2 0.5070142515625 0.9503566015624999 0.5070716562500001 0.9682510437499999 0.5257444984374999 0.967054434375 0.526527178125 0.9627197703125001 0.5246642265625 0.9372806140625001 0.5111361249999999 0.9427109546875 0.5070142515625 0.9503566015624999
2 0.49771631875000005 0.280945578125 0.49096903437500006 0.32101369218750003 0.5011403671875 0.3339017 0.5111684078125001 0.3158973828125 0.529668490625 0.29377755625 0.5276436921875 0.26466434375 0.5119107781250001 0.26614018437500003 0.49771631875000005 0.280945578125