2 0.421250359375 0.6606142765625 0.457459115625 0.6663145453125 0.44768990468750003 0.608592034375 0.41077254218750003 0.612092459375 0.421250359375 0.6606142765625
2 0.3432269703125 0.4984052734375 0.35256837343749997 0.45971681093749994 0.4146110890625 0.43916500625 0.38335912968749997 0.39405464375 0.36521179375 0.391895140625 0.348998025 0.42365144062500004 0.316524003125 0.4340978984375 0.31981495781249997 0.494520328125 0.3432269703125 0.4984052734375
2 0.40031844687499996 0.521553071875 0.4078230203125 0.5593708046875 0.43437266093750004 0.5540411890625 0.4285563609375 0.5113945609375 0.40031844687499996 0.521553071875
2 0.4752740359375 0.837386190625 0.44703795937499996 0.8343808359375 0.44637029375 0.8665225187500001 0.470193440625 0.8891532234374999 0.48615935 0.8872786859374999 0.488583334375 0.85714325 0.4752740359375 0.837386190625
2 0.537503746875 0.943164534375 0.5683969656250001 0.9583332484374999 0.5773531703125 0.9182132218750001 0.5528397328125 0.9104077984375 0.537503746875 0.943164534375
2 0.7145535359374999 0.9335962078125 0.6944748359374999 0.9103638078125 0.6826827546875001 0.914252109375 0.6904469328125 0.9395822421875 0.7109100984375 0.9592914859375 0.7256954640625 0.9542396046875 0.7145535359374999 0.9335962078125
2 0.3626524328125 0.3050613359375 0.3857481640625 0.32777926874999996 0.3951147171875 0.3156245609375 0.3830872953125 0.2654855828125 0.35736086875 0.272514003125 0.3626524328125 0.3050613359375
2 0.44018500625 0.8850375906249999 0.4116327109375 0.87882625 0.3998485484375 0.8965182453124999 0.40981686718750004 0.9197995984375 0.4349369890625 0.9134778734375001 0.44018500625 0.8850375906249999
2 0.44603265781249996 0.48316834843749995 0.45240269531250005 0.5346962921875 0.46167469375000003 0.5530008 0.4825651265625 0.5404308796875 0.479806128125 0.50871336875 0.48509252968750005 0.46256347656249996 0.48658522031249996 0.416274475 0.4418417328125 0.4052484578125 0.44603265781249996 0.48316834843749995
2 0.5681709625 0.968132825 0.59342945625 0.9931188421874999 0.6138738484374999 0.9664124453125 0.5894412499999999 0.9386872609375001 0.5681709625 0.968132825
2 0.4563617890625 0.2986241578125 0.47552543593749996 0.3146037109375 0.4810272140625 0.2847897734375 0.46084140781249994 0.270146621875 0.4563617890625 0.2986241578125