2 0.8622168234375 0.5459736046875 0.8149905093750001 0.561494584375 0.8125291703125 0.6035939296875 0.859160840625 0.609007615625 0.9021312046875 0.586223728125 0.899619646875 0.5591375296875001 0.8622168234375 0.5459736046875
2 0.81675740625 0.44864989062499994 0.7819140453125 0.48448322499999996 0.8217287359375 0.51282899375 0.8805987078124999 0.5047380218749999 0.8896576875 0.4702891375 0.8857310453125 0.44653348125000003 0.81675740625 0.44864989062499994
2 0.6087294484375 0.43035556093749994 0.641214803125 0.3942129890625 0.6200841203125 0.37015360468749997 0.5549918171875 0.3802419921875 0.5252277000000001 0.3986655828125 0.5356751656250001 0.4314780609375 0.560162453125 0.437443028125 0.6087294484375 0.43035556093749994
2 0.3935484671875 0.549280378125 0.410345340625 0.5644513124999999 0.45517030937499997 0.56672174375 0.4700197828125 0.5614208609375 0.479211590625 0.5343205890625 0.4451199015625 0.5199534156250001 0.41267254375 0.521508203125 0.399361665625 0.5282658437500001 0.3935484671875 0.549280378125
2 0.7019497234375 0.553111665625 0.735300371875 0.5634404859375 0.7616210203125 0.5523932625 0.7700501265625 0.5429894281250001 0.7701697328125 0.53155995625 0.7559362515625 0.5166333578125 0.719704771875 0.5171095890624999 0.6996376093750001 0.52943098125 0.7019497234375 0.553111665625
2 0.6264340515625 0.41965623281250003 0.6227116546875 0.43125836250000005 0.639546146875 0.44731924999999995 0.6645792796875 0.43730930937499995 0.6627503046875 0.42398495468749997 0.651421315625 0.4154386234375 0.6264340515625 0.41965623281250003
2 0.5919846625 0.4905029953125 0.604739896875 0.4946130203125 0.6234114390625 0.49025750625000003 0.634401815625 0.4771748234375 0.6399148765625 0.4755301828125 0.62336055 0.45491961875 0.5933466375 0.4579617609375 0.5797944828125 0.477775640625 0.5919846625 0.4905029953125
2 0.690547328125 0.335826190625 0.6732994421875 0.3304925109375 0.6406909640625 0.34315531250000003 0.664840546875 0.3591576984375 0.68710455 0.351830675 0.690547328125 0.335826190625
2 0.8817917718749999 0.23191982968749997 0.8811739359375 0.22587237187500003 0.8753518 0.22168303125 0.851759121875 0.228934096875 0.852464578125 0.237703753125 0.862859009375 0.24471330937500002 0.874341853125 0.24559362812500002 0.8817917718749999 0.23191982968749997
2 0.9100497046875 0.193478096875 0.90959779375 0.2079331640625 0.9284996328125 0.20792104218750002 0.9382924656249999 0.20249232187500002 0.9543869734375001 0.1857655375 0.9316907390625 0.1847550953125 0.9100497046875 0.193478096875
2 0.8660270656250001 0.35089980781249996 0.8649139343750001 0.34960666875 0.844235175 0.341396125 0.8285635875 0.3562100625 0.83709655 0.362636578125 0.8519104734375 0.3636854515625 0.8636857234375 0.3598016125 0.8660270656250001 0.35089980781249996
2 0.36108113125 0.5372511734375001 0.3644472171875 0.5494398375 0.3783325046875 0.5514215296875 0.394917715625 0.54343018125 0.39589985625 0.531637071875 0.37819562812499996 0.5258450375 0.36108113125 0.5372511734375001