2 0.237298925 0.886048559375 0.2505078921875 0.892356290625 0.277491584375 0.8885554515624999 0.28557398749999996 0.8812907593749999 0.2887030265625 0.8716606718750001 0.2873347828125 0.862664053125 0.2801221921875 0.8555116937499999 0.2368004921875 0.862634890625 0.237298925 0.886048559375
3 0.1571541296875 0.8524118312500001 0.12567315625 0.8568461421875 0.1262812640625 0.8608446375 0.1193939015625 0.8658989234375 0.122434440625 0.885891403125 0.1359474640625 0.8941983812500001 0.151850565625 0.8980845499999999 0.163843315625 0.8963952890625 0.1764230015625 0.8884971234375 0.18270225625 0.87944434375 0.1807259046875 0.8664492312500001 0.16660477499999998 0.85414375625 0.1571541296875 0.8524118312500001
2 0.19054413125 0.9008025999999999 0.18650292968749999 0.9044349437499999 0.18276578125 0.9100665375 0.1851982140625 0.9260605234374999 0.1984071828125 0.932368253125 0.2223926859375 0.9289897296875 0.22943207499999999 0.92493506875 0.23301719531249998 0.9183038515625 0.23088881875 0.9043091140625 0.2220251046875 0.8963682875 0.19054413125 0.9008025999999999
3 0.4584258796875 0.8600064953125001 0.4762841578125 0.8666803765625 0.5032678500000001 0.8628795374999999 0.5156955062499999 0.85398175 0.5131110484375 0.836988140625 0.499446 0.8276815390625 0.4634677421875 0.832749325 0.4552333125 0.8390143890624999 0.4584258796875 0.8600064953125001
2 0.30880695 0.732009790625 0.33279245468749996 0.728631265625 0.3383327484375 0.7247877640625 0.33770346562500003 0.7105818687500001 0.3324460484375 0.7062172203125 0.299770034375 0.7128619390625001 0.30235449375 0.7298555484375 0.30880695 0.732009790625
3 0.3823552328125 0.9028046296875001 0.40014523906250005 0.9096035046875001 0.4077017109375 0.9041966468749999 0.412536103125 0.90537704375 0.41131086093749997 0.8850778125 0.3984582921875 0.8862684156249999 0.391537621875 0.8897243609375 0.381616228125 0.8979454562500001 0.3823552328125 0.9028046296875001
2 0.23513578906250002 0.7107346999999999 0.2463895828125 0.7142547140625 0.24775782500000001 0.72325133125 0.2717433296875 0.719872809375 0.282975946875 0.7131854265625 0.28473674375 0.6945587203125 0.27587303125 0.686617890625 0.23554952031249998 0.693318775 0.23513578906250002 0.7107346999999999
2 0.044368078125 0.986738940625 0.06235720625 0.9842050484374999 0.066398409375 0.9805727031249999 0.0726776609375 0.9715199218749999 0.06498781406250001 0.9511612906250001 0.039503215625 0.9547509703125 0.044368078125 0.986738940625
2 0.4802656296875 0.761973671875 0.49975385 0.7592286234375 0.5037950515625 0.7555962765625 0.5055558484375 0.7369695703125 0.5006024859375 0.7346041718749999 0.46342918906249997 0.7418823640625 0.46405847187499993 0.7560882578125 0.4802656296875 0.761973671875
2 0.3291997390625 0.8761668109375 0.320336028125 0.8682259828125 0.287355959375 0.872871453125 0.2916127140625 0.9008609265624999 0.31709731093750004 0.8972712453125 0.3271348890625 0.89279426875 0.3291997390625 0.8761668109375
3 0.553855884375 0.6719670062499999 0.578145440625 0.67058773125 0.5923762484374999 0.663478034375 0.59205101875 0.6512713890625 0.5813841578125001 0.6415424703125 0.5412126734375 0.649242975 0.5442532109375 0.6692354578125 0.553855884375 0.6719670062499999
1 0.2885968859375 1 0.28971726875 0.9991475703124999 0.29086995625 0.9765223671875001 0.2740546921875 0.9666384562499999 0.229081871875 0.9729731875000001 0.2144161625 0.9872914109375 0.2163489375 1 0.2885968859375 1
3 0.284720675 0.8117169375 0.30341001562500003 0.812186328125 0.307569515625 0.7988609421875 0.279501978125 0.802814446875 0.284720675 0.8117169375
3 0.3077664109375 0.7792037515625 0.310800759375 0.7689611015625 0.2914771125 0.770442409375 0.288691803125 0.772717534375 0.29149151562500003 0.792636728125 0.3020802265625 0.7850782265625 0.3077664109375 0.7792037515625
3 0.40195346093750006 0.8067865484375 0.4306336671875 0.7963805703125 0.42678386718750005 0.7815378390625 0.39067945000000004 0.7917867859375 0.40195346093750006 0.8067865484375
3 0.3425342578125 0.892613121875 0.3652926453125 0.8851629921875 0.36283354375 0.8637582 0.32878145625 0.8793164109375 0.3425342578125 0.892613121875
3 0.44978966875 0.7809499718749999 0.4706730859375 0.771642225 0.45520625625 0.75896575 0.43213145 0.76604693125 0.44978966875 0.7809499718749999
3 0.592432521875 0.6033585312499999 0.5852670390625 0.6202163921875 0.6086678078125 0.622225546875 0.6321968203125 0.6093615546875 0.6146181625 0.5932700515625 0.592432521875 0.6033585312499999
3 0.5165430859375 0.6538522312499999 0.520240909375 0.6691656265625 0.53739354375 0.666749559375 0.5358615234374999 0.6409697234375 0.523080403125 0.645952609375 0.5165430859375 0.6538522312499999
3 0.4358862484375 0.685292015625 0.47246295 0.6849143109375 0.46859234531249994 0.65946388125 0.43017128437499996 0.6668136812500001 0.4358862484375 0.685292015625
3 0.3615359625 0.71433234375 0.3542992578125 0.725264940625 0.36618625 0.7396739703125 0.3793413796875 0.7266794109375 0.37877805468750003 0.7177399296875 0.3615359625 0.71433234375
3 0.4109624390625 0.7041877078125001 0.3916666859375 0.7040804359374999 0.3907586875 0.70225815 0.3960303953125 0.726450365625 0.4155127125 0.7184008328125 0.4109624390625 0.7041877078125001
3 0.5750129375 0.7622505515625 0.5620260140625 0.78158656875 0.57342534375 0.78846980625 0.5920594796875001 0.78531411875 0.6053623124999999 0.768055321875 0.5750129375 0.7622505515625
2 0.45057731562500003 0.823280515625 0.47603819999999997 0.8021874546875001 0.4561416078125 0.7970320562500001 0.4224049890625 0.811996515625 0.45057731562500003 0.823280515625
2 0.347538 0.8160431390625 0.3634164296875 0.8000133484375 0.3563694609375 0.7850900203125 0.3263968015625 0.8008414390624999 0.347538 0.8160431390625
2 0.3192022421875 0.8025266859375 0.3278264046875 0.7859269109375 0.31705920625 0.7832001109375 0.30088788125 0.7901052984375 0.3192022421875 0.8025266859375
3 0.5613936515625 0.6983834375 0.5828986421875 0.68792728125 0.581160821875 0.676500578125 0.545473275 0.6792311 0.5613936515625 0.6983834375
3 0.39359414843749996 0.9154895359375 0.3837205390625 0.9255652515625 0.386431634375 0.935729678125 0.40383994999999995 0.9338973671874999 0.4153872625 0.9180028640625 0.39359414843749996 0.9154895359375
3 0.3689619859375 0.906551490625 0.37121009374999997 0.8907262812500001 0.346220146875 0.899209553125 0.35165821875000003 0.9151926734375 0.3689619859375 0.906551490625
3 0.45928039062500003 0.8944503125000001 0.45813531406249997 0.8685567546874999 0.43458943593750005 0.8746648703125001 0.43685297187499994 0.893887684375 0.45928039062500003 0.8944503125000001