2 0.315625 0.9234375 0.3182291671875 0.92890625 0.3213541671875 0.93046875 0.3223958328125 0.9375 0.340625 0.9375 0.3463541671875 0.93046875 0.3526041671875 0.9296875 0.3526041671875 0.8921875 0.3494791671875 0.88984375 0.3453125 0.88125 0.33645833281250004 0.87578125 0.3213541671875 0.87734375 0.315625 0.884375 0.3145833328125 0.8890625 0.315625 0.9234375
2 0.3994791671875 0.49765625 0.41822916718750003 0.49765625 0.4192708328125 0.46171875 0.4109375 0.45625 0.39791666718749996 0.45625 0.3963541671875 0.4671875 0.3942708328125 0.46875 0.3942708328125 0.48359375 0.3963541671875 0.48515625 0.3973958328125 0.49453125 0.39895833281250004 0.49453125 0.3994791671875 0.49765625
2 0.284375 0.69921875 0.2848958328125 0.65625 0.2760416671875 0.65 0.2671875 0.65 0.2578125 0.6578125 0.2557291671875 0.66171875 0.2557291671875 0.6921875 0.2609375 0.69921875 0.2630208328125 0.70625 0.278125 0.70625 0.284375 0.69921875
2 0.32760416718749996 0.50625 0.32760416718749996 0.509375 0.3479166671875 0.509375 0.3489583328125 0.50234375 0.3515625 0.50078125 0.3526041671875 0.45703125 0.3494791671875 0.4546875 0.3473958328125 0.44921875 0.340625 0.4453125 0.3328125 0.4453125 0.3244791671875 0.453125 0.3182291671875 0.4703125 0.3182291671875 0.4875 0.3192708328125 0.49296875 0.32760416718749996 0.50625
2 0.3760416671875 0.990625 0.378125 0.98984375 0.378125 0.946875 0.375 0.9421875 0.36770833281250004 0.9375 0.3583333328125 0.9375 0.3489583328125 0.95 0.3489583328125 0.97890625 0.3546875 0.9859375 0.3557291671875 0.990625 0.3760416671875 0.990625
2 0.2182291671875 0.66663203125 0.2182291671875 0.67053828125 0.22239583281250003 0.67756953125 0.23958333281250002 0.67756953125 0.2442708328125 0.67288203125 0.24479166718749998 0.63928828125 0.24114583281250002 0.63694453125 0.2390625 0.63225703125 0.2265625 0.62444453125 0.22395833281250002 0.62444453125 0.215625 0.63303828125 0.2125 0.65335078125 0.21458333281250003 0.65569453125 0.215625 0.66506953125 0.2182291671875 0.66663203125
2 0.14895833281249998 0.7484375 0.1546875 0.75859375 0.1572916671875 0.7625 0.1729166671875 0.7625 0.1744791671875 0.75625 0.1807291671875 0.7515625 0.18125 0.70625 0.17239583281249998 0.69609375 0.1640625 0.69453125 0.1630208328125 0.6921875 0.15572916718750002 0.6921875 0.14895833281249998 0.6984375 0.1427083328125 0.7125 0.1427083328125 0.73046875 0.14791666718750002 0.73828125 0.14895833281249998 0.7484375
2 0.3153890625 0.7406953125 0.3035072921875 0.71713828125 0.2843130203125 0.72606171875 0.2885786453125 0.79191171875 0.2696890625 0.8129476562500001 0.2666421875 0.8339828125000001 0.2550651046875 0.8614203125 0.2648140625 0.8888578125000001 0.2812661453125 0.87696875 0.3025932296875 0.82392265625 0.3172171875 0.78551015625 0.3153890625 0.7406953125
2 0.47991041718750005 0.44720078125 0.4829567703125 0.42342109375000003 0.47503541718750003 0.41336093749999997 0.4640677078125 0.4270796875 0.4677234375 0.45085859375000004 0.47991041718750005 0.44720078125
2 0.4323817703125 0.4511625 0.445178125 0.43805468750000004 0.442740625 0.41793359375000005 0.4232421875 0.42890859375 0.4250697921875 0.44445703124999997 0.4323817703125 0.4511625
2 0.42202343750000004 0.38683828125 0.4092270828125 0.38683828125 0.4040479171875 0.41688749999999997 0.42202343750000004 0.41518984375 0.42202343750000004 0.38683828125
2 0.3696203125 0.4627484375 0.3629177078125 0.47738203125 0.3702296875 0.49229296875 0.3775416671875 0.47006484375 0.3696203125 0.4627484375
2 0.270603125 0.54164921875 0.2763916671875 0.516621875 0.2587208328125 0.5074765625000001 0.2489713546875 0.522109375 0.25445572968749997 0.5349140625000001 0.270603125 0.54164921875