2 0.36218063906250003 0.58307185625 0.38309381249999996 0.55167215625 0.38384031875 0.5314850296875 0.3659151703125 0.5000853296875001 0.340519959375 0.5045703593749999 0.327823353125 0.5090568859375 0.3113912171875 0.5146631734375 0.3046686625 0.5404565875 0.30840319374999997 0.5898008984375 0.32856986093749996 0.597651196875 0.36218063906250003 0.58307185625
2 0.4652524953125 0.3542964078125 0.47272155624999995 0.3408383234375 0.47272155624999995 0.3105598796875 0.4553313375 0.3042649703125 0.433135728125 0.3150449109375 0.433135728125 0.3240164671875 0.438364271875 0.34532485 0.440604790625 0.3554176640625 0.457035928125 0.3554176640625 0.4652524953125 0.3542964078125
2 0.5025968062499999 0.26345958125 0.49960977968750003 0.24327245468749997 0.4899002 0.2208443109375 0.4742145703125 0.22869461093750001 0.46973353281249997 0.257851796875 0.4839241515625 0.2825239515625 0.49811576874999997 0.2791586828125 0.5025968062499999 0.26345958125
2 0.5354600796875 0.19841467031249999 0.5377015968750001 0.173742515625 0.5354600796875 0.149070359375 0.5180928140625001 0.14792215625 0.5040908187500001 0.15467814375 0.49662175625 0.169257484375 0.4973682640625 0.19617215625 0.5063313375 0.210751496875 0.527992015625 0.20850748437500002 0.5354600796875 0.19841467031249999
2 0.49363473124999996 0.4944775453125 0.5033443109375 0.4698053890625 0.50110279375 0.448498503125 0.484470059375 0.433711078125 0.47197405156250005 0.4384056890625 0.463010978125 0.4585913171875 0.46749301406250005 0.482142215625 0.47272155624999995 0.49896407187499997 0.49363473124999996 0.4944775453125
2 0.452554890625 0.5191497 0.452554890625 0.5012065875 0.44359181562499994 0.47877694687499994 0.4261916171875 0.482462575 0.42417265468750004 0.48101946093750003 0.42118562812500004 0.5056916171875 0.4219321359375 0.5213922156249999 0.42641317343749996 0.5382140718749999 0.4361227546875 0.5449431140625001 0.446579840625 0.5337275453125 0.452554890625 0.5191497
2 0.4144630734375 0.5370928140625 0.4144630734375 0.51802844375 0.40774151718749996 0.5045703593749999 0.39032834375 0.512723053125 0.38757484999999997 0.5225134734375 0.38757484999999997 0.5314850296875 0.38981536875 0.547185628125 0.3942964078125 0.555035928125 0.4084880234375 0.55727844375 0.4144630734375 0.547185628125 0.4144630734375 0.5370928140625
2 0.5152944109375001 0.53597155625 0.5190289421875 0.5191497 0.504837325 0.5000853296875001 0.48671157656249997 0.504317365625 0.4749620765625 0.51578443125 0.4749620765625 0.5337275453125 0.47570858281249995 0.555035928125 0.4764560875 0.568492515625 0.4854181640625 0.5729790421875001 0.504837325 0.564007484375 0.5152944109375001 0.53597155625
2 0.6198602796875 0.5651287421875 0.6228473046875 0.562886228125 0.6243413171875 0.5404565875 0.6116437125 0.5045703593749999 0.59894710625 0.4978413171875 0.5892375249999999 0.49896407187499997 0.5825149703125 0.5056916171875 0.5810209578125 0.5225134734375 0.58550299375 0.55727844375 0.601187625 0.568492515625 0.6198602796875 0.5651287421875
2 0.555626746875 0.5651287421875 0.555626746875 0.546064371875 0.549651696875 0.5101781437499999 0.5337824343750001 0.4975928140625 0.5272445109375 0.5056916171875 0.5250039921874999 0.5225134734375 0.5190289421875 0.55167215625 0.49662175625 0.5707365265625 0.4854181640625 0.6099865265625 0.4973682640625 0.633537425 0.5033443109375 0.636901196875 0.50782535 0.636901196875 0.533967065625 0.6122290421875001 0.541436128125 0.5987724546875001 0.555626746875 0.5651287421875
2 0.60417465 0.636901196875 0.60417465 0.6099865265625 0.59745309375 0.5942859281249999 0.5819750499999999 0.5850104796875 0.5683243515624999 0.65035928125 0.5713113765625 0.6626946109375 0.5937185625 0.6626946109375 0.601187625 0.65596556875 0.60417465 0.636901196875
2 0.5728053890625 0.7075523953125 0.5728053890625 0.68960928125 0.5630958078125 0.6772739515625 0.544423153125 0.6795164671875 0.5287385234374999 0.6705449109375 0.5227634734375 0.6817589828124999 0.5227634734375 0.7053098796875 0.532473053125 0.7187679640625 0.5474111781250001 0.7299820359375 0.5705648703125 0.7187679640625 0.5728053890625 0.7075523953125
2 0.48093712499999997 0.4026257484375 0.48093712499999997 0.3846811375 0.4734680640625 0.3600104796875 0.46205588750000004 0.3597410171875 0.46077045937500005 0.36225299375 0.4458323359375 0.3667380234375 0.439110778125 0.37570958125 0.434629740625 0.38916766406250003 0.434629740625 0.40374700625 0.442845309375 0.41720359218749997 0.4518083828125 0.42617515 0.46599900156249996 0.42954041875 0.4734680640625 0.4216901203125 0.48093712499999997 0.4026257484375
2 0.5354600796875 0.331973053125 0.527992015625 0.32075898281250004 0.5152944109375001 0.3151526953125 0.5080059875 0.312670659375 0.49811576874999997 0.347673653125 0.49960977968750003 0.364495509375 0.50857185625 0.3768323359375 0.5264980046875001 0.37907484999999996 0.5332195609375 0.373467065625 0.5377015968750001 0.3555239515625 0.5354600796875 0.331973053125
2 0.5840089828125 0.3555239515625 0.5847554890625 0.33309580781250003 0.583262475 0.314029940625 0.56964670625 0.316032934375 0.5563732531250001 0.3106661671875 0.551892215625 0.3274880234375 0.5511457078124999 0.3409446109375 0.5511457078124999 0.3532814375 0.573551896875 0.367860778125 0.5840089828125 0.3555239515625
2 0.641519959375 0.3768323359375 0.641519959375 0.3667380234375 0.6377854296875001 0.3544026953125 0.6198602796875 0.34879491093750004 0.6116437125 0.358889221875 0.6079091812499999 0.37570958125 0.6123912171875 0.3970179640625 0.633304390625 0.3992604796875 0.639279440625 0.3925314375 0.641519959375 0.3768323359375
3 0.40923453125 0.431676646875 0.4219321359375 0.3969116765625 0.427160678125 0.3554176640625 0.40475349375 0.347567365625 0.40325948125 0.347567365625 0.39205588750000003 0.356538921875 0.37786526875000004 0.37111826406250004 0.37637125781249997 0.38457485 0.37935928125 0.431676646875 0.40923453125 0.431676646875