2 0.391471875 0.5515765625 0.42199375000000006 0.560115625 0.420534375 0.5096015625 0.3882921875 0.5088859375 0.391471875 0.5515765625
2 0.3755765625 0.31535156249999996 0.35777187499999996 0.3409671875 0.32852187499999996 0.346659375 0.324071875 0.3988375 0.3437828125 0.4045296875 0.3565 0.37227343749999997 0.41245468750000003 0.36088906249999997 0.3909578125 0.31903281250000004 0.3755765625 0.31535156249999996
2 0.3902 0.43014374999999994 0.39210781250000004 0.46335 0.41563437499999994 0.4614515625 0.4157640625 0.42427187499999997 0.3902 0.43014374999999994
2 0.41671874999999997 0.7087015625 0.39274375 0.703278125 0.3882921875 0.730790625 0.40609687499999997 0.752609375 0.42008437499999995 0.752609375 0.4258078125 0.7269953124999999 0.41671874999999997 0.7087015625
2 0.45759999999999995 0.8057359375 0.4823984375 0.8218640625000001 0.49495625 0.788340625 0.47476874999999996 0.7791734375 0.45759999999999995 0.8057359375
2 0.6113578125 0.8153625 0.596853125 0.7934046875 0.5862203125 0.795553125 0.5898578125 0.8180703125000001 0.60511875 0.83704375 0.618471875 0.8341984374999999 0.6113578125 0.8153625
2 0.406228125 0.20868437499999998 0.38320625 0.21212343749999998 0.3838421875 0.240584375 0.401009375 0.2624046875 0.4105484375 0.25291874999999997 0.406228125 0.20868437499999998
2 0.35036093749999997 0.7728234375 0.37277499999999997 0.7699296875 0.380728125 0.7460546875 0.3568671875 0.7378484375000001 0.3445765625 0.7518421875 0.35036093749999997 0.7728234375
2 0.4602609375 0.42713437499999996 0.4703828125 0.3880671875 0.47725156249999995 0.3484984375 0.440015625 0.3345296875 0.43423125 0.4018125 0.4335078125 0.44666875 0.4392921875 0.46330937499999997 0.4588140625 0.454628125 0.4602609375 0.42713437499999996
2 0.481021875 0.83025 0.49977968749999996 0.8542343750000001 0.520621875 0.833378125 0.50290625 0.8071265625 0.481021875 0.83025
2 0.4653890625 0.2445015625 0.47997968750000003 0.26014375 0.4883171875 0.235115625 0.47268437499999993 0.2205171875 0.4653890625 0.2445015625