2 0.7336428578125 0.162310896875 0.7352771859375 0.13526923125 0.7320095953125 0.10454006406250001 0.706528784375 0.0915304484375 0.6789104484374999 0.098392628125 0.6723752671875001 0.12420673125 0.6780938171875001 0.1709150640625 0.7075021328125 0.17214423125 0.7336428578125 0.162310896875
2 0.597219615625 0.12789423125 0.6053891265625 0.10945673125 0.6037558640625 0.076267628125 0.5741439234375 0.065733975 0.557191896875 0.0701217953125 0.5563752671875 0.08733012812499999 0.5620927499999999 0.1192900640625 0.577614071875 0.1303525640625 0.597219615625 0.12789423125
2 0.5784317703124999 0.151248396875 0.5710788906250001 0.1303525640625 0.54820575625 0.1303525640625 0.5349189765625 0.13575320468750002 0.530233475 0.16845673125 0.5596428578125 0.18320673125 0.5784317703124999 0.151248396875
2 0.455078890625 0.2777371796875 0.48530383749999995 0.227341346875 0.473867803125 0.18186057656250001 0.444210021875 0.1855048078125 0.429754796875 0.21259134687499998 0.4215852875 0.24209134687499997 0.42240191875 0.275278846875 0.455078890625 0.2777371796875
2 0.49837420000000004 0.4018862171875 0.49755756875 0.3736137828125 0.49183901875 0.357634615625 0.46382302812500004 0.3550240390625 0.448543709375 0.36746794843749997 0.44527611875 0.379759615625 0.44527611875 0.4203237171875 0.45262793125 0.439990384375 0.46896588437500003 0.447365384375 0.47876865625000004 0.44490705156250004 0.49755756875 0.42769871718749997 0.49837420000000004 0.4018862171875
2 0.34561300625 0.5541875 0.35541577812499997 0.5332916671875 0.3521481875 0.50625 0.3338891265625 0.49506249999999996 0.31375373125 0.5148541671875 0.31375373125 0.5480416671875 0.321923240625 0.5627916671875 0.339077825 0.5640208328125 0.34561300625 0.5541875
2 0.4591631125 0.6131891031250001 0.474684434375 0.5824583328124999 0.48612153593749996 0.5492708328125 0.4589200421875 0.5171746796875001 0.44609275000000004 0.5271458328125 0.43220575625 0.5517291671875 0.43710660937499995 0.5935224359375 0.4591631125 0.6131891031250001
2 0.42076865625000004 0.5468124999999999 0.42076865625000004 0.5271458328125 0.41750106562499995 0.5037916671875 0.405247334375 0.5050208328125 0.39626119375 0.5087083328124999 0.39054264375000003 0.5332916671875 0.392993603125 0.5431250000000001 0.408514925 0.5541875 0.42076865625000004 0.5468124999999999
2 0.391360340625 0.598439103125 0.41341684375 0.6230224359375 0.4215852875 0.6045849359375 0.4221460546875 0.568767628125 0.398712153125 0.5554166671874999 0.3840074625 0.5627916671875 0.380739871875 0.5861474359375001 0.391360340625 0.598439103125
2 0.505727078125 0.7533157046875 0.514712153125 0.7188990390625001 0.512262259375 0.6844807687500001 0.48343603437500005 0.683009615625 0.463247334375 0.6893974359375 0.46079744062500005 0.7152115390625 0.4648816625 0.7348782046875 0.482036246875 0.7545448718750001 0.505727078125 0.7533157046875
2 0.5539243078125 0.8417003203125001 0.558008528125 0.825721153125 0.5539243078125 0.788846153125 0.5398219609375 0.782509615625 0.5245159921875 0.7765544875 0.508176971875 0.7876169875000001 0.506543709375 0.7937628203125 0.50409275 0.8085128203125 0.505727078125 0.829408653125 0.520430703125 0.8490753203124999 0.53513539375 0.8576794874999999 0.544938165625 0.851533653125 0.5539243078125 0.8417003203125001
2 0.6209104484375 0.969419871875 0.6168262265625 0.9448349359374999 0.6037558640625 0.91779326875 0.5882345421874999 0.91041826875 0.5849669515625 0.931314103125 0.5849669515625 0.9534391031249999 0.589867803125 0.9743365390625 0.6045724953125 0.9817115390625 0.6127409375 0.9804823718750001 0.6209104484375 0.969419871875
2 0.530233475 0.8833766031250001 0.530233475 0.9042724359375001 0.540036246875 0.9214807687500001 0.5520799578125 0.9280769234375 0.5727132203124999 0.9288557687500001 0.5808816625000001 0.9153349359374999 0.5849669515625 0.89566826875 0.57434648125 0.868626603125 0.551473346875 0.868626603125 0.530233475 0.8833766031250001
2 0.7965447765625 0.95098076875 0.7957281453125 0.9202516031249999 0.7720373140625 0.8981266031249999 0.7555607671875 0.90596474375 0.7377281453125 0.9337724359375 0.7401780390625 0.9608141031249999 0.7524317703125 0.9804823718750001 0.7712206828125 0.9817115390625 0.7842910453124999 0.9743365390625 0.7965447765625 0.95098076875
2 0.8177846484375 0.8096249999999999 0.8194179109374999 0.7776666671875 0.8087985078125 0.7481650640625 0.7777558640625 0.7543124999999999 0.7614179109375 0.7838125 0.7630522390625 0.8022500000000001 0.7712206828125 0.8194583328125 0.7900095953124999 0.8292916671875 0.8079818765625 0.8243750000000001 0.8177846484375 0.8096249999999999
2 0.8844712156250001 0.8907516031249999 0.891006396875 0.87723076875 0.891006396875 0.8489583328125001 0.8769136453125 0.8193621796875 0.8648656718750001 0.8329791671875 0.859147121875 0.8698557687499999 0.8648656718750001 0.88460576875 0.8844712156250001 0.8907516031249999
2 0.8436258000000001 0.8933269234375001 0.8550629000000001 0.88841025625 0.8550629000000001 0.862596153125 0.84504264375 0.8506875 0.8346396593750001 0.851533653125 0.832189765625 0.8724294875 0.832189765625 0.8847227562500001 0.8436258000000001 0.8933269234375001
2 0.5732302765624999 0.24466666718750002 0.5756812359375 0.2311458328125 0.5756812359375 0.21393749999999997 0.5557569296875 0.2002451921875 0.5405543703125 0.21639583281250002 0.5389200421875 0.2458958328125 0.546272921875 0.2508125 0.5593432828125 0.2508125 0.5675117265625 0.24712499999999998 0.5732302765624999 0.24466666718750002
3 0.623267590625 0.4668717953125 0.6531076765625 0.5502580125 0.6971577828125 0.5438429484375 0.6741289984375001 0.4610048078125 0.623267590625 0.4668717953125
1 0.5312718546874999 0.6935112171875 0.546908315625 0.6528862171875 0.5511727078125 0.6116458328125 0.49289232343749995 0.5759150640625 0.46162046874999996 0.6186762828125 0.45593496875 0.6528862171875 0.4943144984375 0.6678525640624999 0.5312718546874999 0.6935112171875
2 0.0209669515625 0.27230448749999997 0.0565031984375 0.28085576875 0.0735607671875 0.2445080125 0.050106609375 0.2013894234375 0.016702559375000002 0.227403846875 0.0209669515625 0.27230448749999997
2 0.5625447765625 0.6079871796874999 0.595237740625 0.6357820515625 0.6137174843750001 0.5716394234375 0.585287846875 0.5219022437499999 0.5625447765625 0.5523958328125 0.5625447765625 0.6079871796874999
2 0.5114147124999999 0.5527083328125 0.5235021328125 0.529435896875 0.52688699375 0.49816346093749997 0.5193923234375 0.480490384375 0.5075469078125 0.47125480781249995 0.482888059375 0.4777996796875 0.47756929687499994 0.4952548078125 0.47998720625 0.5207083328125 0.4877228140625 0.5396169875 0.49981023437500005 0.5527083328125 0.5114147124999999 0.5527083328125
2 0.5847213078125 1 0.58490725 0.9946794875 0.57910554375 0.9684983968750001 0.56580916875 0.9754455125 0.5626663109375001 0.9837708328125 0.5650940531249999 1 0.5847213078125 1
2 0.46306396562499996 0.3455064109375 0.4708006390625 0.3258701921875 0.4867558640625 0.301142628125 0.4802281453125 0.271169871875 0.4640309171875 0.274233975 0.4514605546875 0.2909615390625 0.450493603125 0.333142628125 0.46306396562499996 0.3455064109375