2 0.52675355 0.15770121875 0.5501034484375 0.1770838421875 0.5718427984375001 0.144376525 0.5515476671874999 0.08922713437499999 0.5243387421875 0.0922865859375 0.52353346875 0.1298399390625 0.52675355 0.15770121875
2 0.4373813390625 0.1807179875 0.46636714062499995 0.1758719515625 0.46234178437500006 0.144376525 0.44523022343749996 0.130993903125 0.42772008125000005 0.1322621953125 0.4269148078125 0.16254725625 0.4373813390625 0.1807179875
2 0.4470436109375 0.2582469515625 0.4639523328125 0.248554878125 0.46153651093750003 0.202522865625 0.4440212984375 0.1981829265625 0.4285253546875 0.22675 0.4317454359375 0.2473445125 0.4470436109375 0.2582469515625
2 0.3866572015625 0.35273323125 0.40437018281250003 0.333352134375 0.40437018281250003 0.283685975 0.36307505 0.27626676875 0.362502028125 0.30064481718749997 0.362502028125 0.328506096875 0.369748478125 0.351522865625 0.3866572015625 0.35273323125
2 0.35928194687500004 0.37332774375 0.362502028125 0.34788871875 0.3576714 0.33214024375 0.3461612578125 0.3361920734375 0.3383478703125 0.3394085359375 0.3391521296875 0.35757926875 0.344789046875 0.37332774375 0.35928194687500004 0.37332774375
2 0.42127890468749996 0.49688871875 0.45751014218749997 0.49083079218750003 0.4687829609375 0.44601067031249997 0.43798072968749996 0.41246189062500005 0.414837728125 0.4278399390625 0.40920081093749994 0.459335365625 0.42127890468749996 0.49688871875
2 0.4373813390625 0.5864161578125 0.4534847875 0.58035823125 0.4607312375 0.5500746953125 0.43677281875 0.54139176875 0.4285253546875 0.5621875000000001 0.4373813390625 0.5864161578125
2 0.373773834375 0.6227576218750001 0.39792900625 0.619123475 0.3947079109375 0.581570121875 0.3703235296875 0.586789634375 0.373773834375 0.6227576218750001
2 0.3665273828125 0.5294801828125 0.3463985796875 0.5537088421874999 0.36008620625 0.5936844515625 0.37153245468749996 0.57407774375 0.3745791078125 0.5488628046875 0.3665273828125 0.5294801828125
2 0.392293103125 0.5609771343750001 0.41564198750000003 0.5609771343750001 0.41966835625 0.53432621875 0.40052839687499997 0.52323323125 0.3914878296875 0.5294801828125 0.392293103125 0.5609771343750001
2 0.39792900625 0.579147865625 0.4100060859375 0.6166996953125 0.4236937125 0.60095274375 0.423482759375 0.57407774375 0.42772008125000005 0.5730899390624999 0.40115010156249997 0.55976524375 0.39792900625 0.579147865625
2 0.488106490625 0.6905945124999999 0.5074300203125001 0.66273323125 0.503404665625 0.6348704265625 0.4790588234375 0.6321875 0.4768346859375 0.6300259140625 0.46314705937499995 0.6566753046875 0.488106490625 0.6905945124999999
2 0.48730121718749997 0.625179878125 0.51628701875 0.6288140249999999 0.525144015625 0.6106432921875 0.5146764703125 0.55976524375 0.48971703906249997 0.5537088421874999 0.4687829609375 0.57551371875 0.4671724140625 0.6130655484374999 0.48730121718749997 0.625179878125
2 0.5501034484375 0.72935823125 0.576673428125 0.6978628046875001 0.5587971609375 0.62310823125 0.5042099390625 0.7184557921875 0.5501034484375 0.72935823125
2 0.6008286 0.819 0.6185415828124999 0.792350609375 0.6185415828124999 0.7669115859375 0.5984127781249999 0.7414725609375 0.591971603125 0.7499512187499999 0.5815050703125 0.78023628125 0.5863357 0.8008292687499999 0.6008286 0.819
2 0.7117697765625 0.7366265249999999 0.7270679515625 0.7172454265625 0.7302880328125 0.684538109375 0.7032028390625 0.6721387187500001 0.695666328125 0.6990746953125 0.695666328125 0.7172454265625 0.7117697765625 0.7366265249999999
2 0.696722109375 0.6209634140625 0.7265121703124999 0.6221753046875 0.7345638937500001 0.572509146875 0.7061926984375 0.55773475625 0.69108620625 0.5894679875 0.696722109375 0.6209634140625
2 0.548573021875 0.5907942078125 0.5598448281249999 0.57989176875 0.5598448281249999 0.537493903125 0.541882353125 0.50688871875 0.5276389453125 0.527803353125 0.523613590625 0.55929878125 0.548573021875 0.5907942078125
3 0.6074695734375 0.511178353125 0.5993590265625001 0.4603323171875 0.60175760625 0.45680945156249997 0.572322515625 0.43185975625 0.5709716031250001 0.4908399390625 0.6074695734375 0.511178353125
2 0.44165821562499996 0.30768292656249996 0.469837728125 0.310414634375 0.48710851875000005 0.286132621875 0.462564909375 0.2639893296875 0.43529513125 0.285836890625 0.44165821562499996 0.30768292656249996
2 0.08713995937499999 0.47042987812500003 0.0953204875 0.45404573125000003 0.091684584375 0.4294679875 0.08168559843749999 0.4130823171875 0.0635050703125 0.4253704265625 0.06986815468749999 0.46906554843750004 0.08713995937499999 0.47042987812500003
2 0.75260851875 0.754022865625 0.7642687625 0.7423323171875 0.7681551718749999 0.7131067078125 0.755199796875 0.705054878125 0.744188640625 0.7092088421875 0.7396541578125 0.734539634375 0.75260851875 0.754022865625
2 0.7733367140625 0.5923033531249999 0.7837008109375 0.56892225625 0.7772231234375 0.5552835359375 0.7688032453125 0.554632621875 0.760382353125 0.5650259140625 0.7571430015625 0.59132926875 0.7733367140625 0.5923033531249999