2 0.1738052046875 0.6709337718749999 0.1651531078125 0.6694879234375 0.162478284375 0.667291075 0.12760514218750002 0.67746216875 0.1278691171875 0.68333915 0.12223836562499998 0.690439225 0.12512733125 0.7069623843749999 0.131831128125 0.7059994859375001 0.13377942812500002 0.7084082328125 0.139277803125 0.7092854 0.17140993437500002 0.7009060781249999 0.17560399531249998 0.6986905109375 0.1812347484375 0.6915904375 0.18029408125 0.6774760234375 0.1738052046875 0.6709337718749999
2 0.5586338890625 0.4961779984375 0.552227553125 0.4901078390625 0.518972540625 0.5007993171875 0.5219440468750001 0.5177945687500001 0.5249326859375001 0.5174190671875001 0.5251803109375001 0.5188353375 0.5340636796875 0.5172367453125 0.5358468953125 0.5187013125 0.549650846875 0.5146752546875 0.5507737296874999 0.5123630968749999 0.5606974359375 0.5079802578125 0.5586338890625 0.4961779984375
2 0.3926189203125 0.664669690625 0.352742653125 0.676796159375 0.347194440625 0.684368321875 0.34958815468750004 0.69805894375 0.3564570359375 0.6980402234375 0.3638211703125 0.700854046875 0.3921555984375 0.692590034375 0.39545805 0.6896421828125 0.40123753593749995 0.679025578125 0.3998343234375 0.67100004375 0.3926189203125 0.664669690625
2 0.5811865015625 0.5640249796875 0.5799483750000001 0.5569436249999999 0.5752427124999999 0.5518659390625 0.569826878125 0.5514608625 0.5671520546875 0.5492640125 0.526631803125 0.5620744703125 0.525591465625 0.5648587171874999 0.5192178359375 0.567709978125 0.5224369671875 0.5861215015625 0.5253430625 0.5852739109375 0.5390146375 0.58922509375 0.5442653890625 0.5886859890625 0.5602489125 0.5840242375 0.5752419343749999 0.573697403125 0.5811865015625 0.5640249796875
2 0.0676182546875 0.670645871875 0.06722189843750001 0.67274613125 0.0704410328125 0.691157653125 0.07496525781249999 0.690830446875 0.0824119328125 0.6941163609375 0.10929331406250001 0.68627614375 0.1194319421875 0.674388153125 0.11794618906250001 0.6658905265625 0.11243145937500001 0.6605526484375 0.107577065625 0.65899149375 0.0676182546875 0.670645871875
2 0.4318538296875 0.7112776875 0.43144112031250004 0.7089172375 0.422194878125 0.6997060484375 0.4175055671875 0.6990890734375 0.414748203125 0.696420134375 0.3835902203125 0.7060038265624999 0.3799739546875 0.711524028125 0.3826978359375 0.727103009375 0.3898968859375 0.7289726515625 0.3935295046875 0.7279131624999999 0.3953952609375 0.72984981875 0.40427862968749995 0.7282512265625 0.40678837031250004 0.7295038953125 0.4251827375 0.721162009375 0.4318538296875 0.7112776875
2 0.37493006093750003 0.799327746875 0.37966920625 0.791495390625 0.378513621875 0.7848861265625 0.376168965625 0.7845776390625 0.3733952484375 0.7774479875 0.3625472265625 0.772177125 0.3204913875 0.7849392859375001 0.31712274687500003 0.7918757578125 0.31155818125 0.7949872078125 0.31403443750000004 0.8091499203125 0.318079765625 0.8104508812500001 0.328432534375 0.8128892046875 0.3380424296875 0.811078715625 0.3461330859375 0.8136806421875 0.362843134375 0.8088069921875001 0.37493006093750003 0.799327746875
2 0.265876584375 0.698126953125 0.32778984375000003 0.6841329328125 0.3330462828125 0.664314690625 0.3092563828125 0.6599342484374999 0.267291075 0.670432303125 0.23388696250000002 0.694106246875 0.1879366453125 0.7278250484375001 0.1794877375 0.745962096875 0.20654827187499997 0.7473568359375 0.23022904843749997 0.7294213593750001 0.249307834375 0.7209542828125 0.265876584375 0.698126953125
2 0.57774950625 0.4219946078125 0.556118359375 0.4312056078125 0.5546481734375 0.4432441546875 0.577340740625 0.4401082265625 0.588360334375 0.426446021875 0.57774950625 0.4219946078125
2 0.5701281625 0.46020673749999996 0.5599665171875 0.47536074531250005 0.5673610765625 0.48016970312499996 0.5821099937499999 0.477609078125 0.5892260796875 0.45695869375 0.5701281625 0.46020673749999996
2 0.62345441875 0.4789018625 0.6214264468749999 0.46730307499999996 0.5950608984375 0.4749928453125 0.59633093125 0.49174655156249997 0.62345441875 0.4789018625
2 0.546592340625 0.54543540625 0.5591386265625 0.5353910187500001 0.5510793546875 0.5301954203125 0.531567103125 0.5428520109375 0.546592340625 0.54543540625
2 0.523813909375 0.6345067640625001 0.5014570875000001 0.6465417203125 0.5102794953124999 0.6593511671875001 0.5230563874999999 0.660849271875 0.5351190781249999 0.64804336875 0.523813909375 0.6345067640625001