2 0.14893343125 0.8423801984375 0.16130696875 0.84986245625 0.1901531234375 0.8475077640625001 0.2001037390625 0.8403262781249999 0.2054142765625 0.830338946875 0.2059171234375 0.8207440640625 0.1999538421875 0.8127385453124999 0.1534236109375 0.8175983125 0.14893343125 0.8423801984375
3 0.07286615156250001 0.801881875 0.0392123046875 0.804629015625 0.038988817187500004 0.8088934078125 0.030752509374999997 0.81381188125 0.029635071875000002 0.8351338421875001 0.0418968671875 0.84474829375 0.057587278124999995 0.8498367203124999 0.070407790625 0.848790190625 0.0851660984375 0.8412162578125001 0.0936258921875 0.8320333921874999 0.0943522265625 0.8181741171875 0.0823139203125 0.8042952734375 0.07286615156250001 0.801881875
2 0.0972044046875 0.8550951015624999 0.092229096875 0.85868584375 0.0871420453125 0.864408784375 0.086248096875 0.881466353125 0.098621634375 0.8889486078125 0.1242626609375 0.8868555484374999 0.132443096875 0.883003175 0.1375860203125 0.8762141359375001 0.13836822499999998 0.8612887625000001 0.1308582515625 0.8523479625 0.0972044046875 0.8550951015624999
3 0.3842309953125 0.8284807140625 0.401356353125 0.8366366187500001 0.4302025078125 0.834281928125 0.4450166875 0.8256418968749999 0.4459665078125 0.8075182296875001 0.43376058593750005 0.7968376796875 0.395299046875 0.7999772671875001 0.38540430312499996 0.8060926546875 0.3842309953125 0.8284807140625
2 0.25617033437500003 0.68394976875 0.281811359375 0.6818567109375 0.28838923125 0.67813515 0.290774 0.6630789609375001 0.2862456671875 0.6581409203125 0.25087751406250003 0.6631510703125 0.24992769374999999 0.6812747375 0.25617033437500003 0.68394976875
3 0.29604750625 0.8690346953124999 0.31307520312500003 0.877318525 0.3220820578125 0.8720685828124999 0.3268519984375 0.8736143984375 0.329920946875 0.8520800609375 0.3163138359375 0.852546446875 0.3083847984375 0.8557732234375001 0.29631909843750004 0.8638523921875001 0.29604750625 0.8690346953124999
2 0.1841844125 0.656918271875 0.1951230015625 0.6613330484375 0.1946201546875 0.6709279312499999 0.22026117968749997 0.668834871875 0.23336105156250003 0.662457853125 0.2391744375 0.6428756390625 0.2316644640625 0.6339348375 0.1883393625 0.6385329703125 0.1841844125 0.656918271875
2 0.4278886125 0.7261940046875 0.448721946875 0.72449339375 0.4536972546875 0.7209026515625 0.459510640625 0.7013204375 0.45487056406250004 0.6985145921875 0.41469471718750006 0.7039171921875 0.41230994687500006 0.71897338125 0.4278886125 0.7261940046875
2 0.2465222265625 0.8375987078125 0.239012253125 0.8286579062499999 0.2037558421875 0.8315358625 0.20219142968749998 0.8613866078125 0.22943501875 0.8591627328125 0.24082058437499998 0.855048725 0.2465222265625 0.8375987078125
3 0.5235927703125001 0.6355818328125 0.5491220515624999 0.635620971875 0.565427053125 0.62898231875 0.5677000796875 0.6160583265625 0.558699284375 0.60511614375 0.5153183109375 0.6107803765625001 0.5142008734375 0.6321023375 0.5235927703125001 0.6355818328125
1 0.10222057968750001 0.972516275 0.11934593906249999 0.9806721796875 0.159410040625 0.9774017765625 0.1791995296875 0.9651710015624999 0.1852364015625 0.9413243937500001 0.1698812234375 0.9298393796875001 0.1218043 0.9337638640625 0.10350563125000001 0.94799601875 0.10222057968750001 0.972516275
3 0.2140985265625 0.7667254796874999 0.23341436718750003 0.7683736921875 0.2405858375 0.7545434890625 0.2105810296875 0.7569927609375 0.2140985265625 0.7667254796874999
3 0.244994909375 0.7337755265625 0.2503380953125 0.7231348078125001 0.22994604375 0.723509628125 0.2265657734375 0.7257430328125001 0.22521381875 0.7469726750000001 0.237831065625 0.7396350843749999 0.244994909375 0.7337755265625
3 0.33694548750000003 0.76873965 0.368966925 0.759507078125 0.368142134375 0.7435791609375 0.328441321875 0.7521881046875001 0.33694548750000003 0.76873965
3 0.25685763437500003 0.8558064468750001 0.2820947015625 0.8493335515625 0.284118271875 0.8265544406249999 0.24541399843749998 0.8409024453124999 0.25685763437500003 0.8558064468750001
3 0.3921684546875 0.7443757843750001 0.41585495625 0.7358235875 0.40249796406250005 0.721469603125 0.37701108906249997 0.727532965625 0.3921684546875 0.7443757843750001
3 0.5783446 0.5654319828125 0.567294665625 0.5828111625 0.5911758296875 0.586377509375 0.6183714765625 0.5742289890625 0.6035509671875 0.556134721875 0.5783446 0.5654319828125
3 0.4887033515625 0.6141323046875 0.489269584375 0.6305484031249999 0.507606121875 0.6290516046875 0.51152861875 0.601704675 0.49718459375 0.6061843796875 0.4887033515625 0.6141323046875
3 0.3981847609375 0.642396403125 0.43626485 0.6442517015625 0.43768734687500005 0.61710884375 0.39619989218749996 0.6225102328125 0.3981847609375 0.642396403125
3 0.31473123125 0.6685127109375 0.30487466875 0.6796237609375 0.3141420109375 0.695588609375 0.3305882234375 0.682662621875 0.3319150734375 0.6731777546875 0.31473123125 0.6685127109375
3 0.3682499359375 0.6608352046875 0.348226646875 0.6595324171875 0.34767310625 0.6575500671875 0.34797532656249996 0.6834492 0.3699371125 0.676140728125 0.3682499359375 0.6608352046875
3 0.5262617609375 0.73232690625 0.5086339109375 0.7519669734375001 0.5190043281250001 0.759946065625 0.539038190625 0.757758715625 0.5565499390624999 0.740334 0.5262617609375 0.73232690625
2 0.3839325671875 0.7891729953125 0.41489535312500003 0.76844440625 0.3953276140625 0.761768084375 0.3570780796875 0.7755078625 0.3839325671875 0.7891729953125
2 0.27843370312500004 0.7751708625 0.2983583484375 0.7592041203125001 0.294229278125 0.7429939296875 0.2597217703125 0.7577976328125 0.27843370312500004 0.7751708625
2 0.25188692968750004 0.759135675 0.264397075 0.7421192375000001 0.25379434375 0.7385729828125001 0.23551709375000002 0.744875828125 0.25188692968750004 0.759135675
3 0.52577344375 0.6639719171875 0.550351328125 0.6542440203125001 0.55099 0.642057453125 0.5133303984375 0.6427441828125 0.52577344375 0.6639719171875
3 0.3050103421875 0.8831369875 0.292597596875 0.8931796671875001 0.293240046875 0.9040918437500001 0.31171735 0.90322790625 0.3271134890625 0.8871372078125 0.3050103421875 0.8831369875
3 0.28133192500000004 0.8721700390624999 0.2870523578125 0.85557939375 0.25927595625 0.8630068937500001 0.2615068703125 0.88023824375 0.28133192500000004 0.8721700390624999
3 0.37775148125 0.86494479375 0.3821002953125 0.8375014937499999 0.3563321578125 0.8425071703125001 0.35457212031249996 0.8629676046875 0.37775148125 0.86494479375