3 0.395478125 0.382015625 0.3698515625 0.3973875 0.372196875 0.44361562499999996 0.3948640625 0.42247031249999994 0.395478125 0.382015625
1 0.6264390625 0.398565625 0.5987484375000001 0.416684375 0.6000953124999999 0.452809375 0.6276625 0.43810000000000004 0.6264390625 0.398565625
2 0.3257265625 0.23889375 0.322575 0.274446875 0.342790625 0.25238125 0.343403125 0.22480000000000003 0.3257265625 0.23889375
2 0.3446296875 0.2661734375 0.3238875 0.2788609375 0.3336015625 0.30019062500000004 0.3489171875 0.28915625 0.3446296875 0.2661734375
2 0.3268640625 0.3149 0.3268640625 0.3479984375 0.341565625 0.3434015625 0.3495296875 0.3084640625 0.3268640625 0.3149
3 0.3827203125 0.07074843750000001 0.3740359375 0.1081234375 0.399153125 0.10628437500000001 0.4065046875 0.07594375 0.3827203125 0.07074843750000001
2 0.5737515625 0.551184375 0.5564625000000001 0.5696656250000001 0.5504734375 0.5971546875 0.577428125 0.581525 0.5737515625 0.551184375
2 0.595990625 0.35328593750000004 0.5970328125 0.3885390625 0.6141859375000001 0.39773281250000003 0.6288890625 0.3637140625 0.595990625 0.35328593750000004
2 0.63551875 0.23751406249999998 0.6282765625 0.27361562500000003 0.6448171874999999 0.2864859375 0.6558453125 0.258903125 0.63551875 0.23751406249999998
2 0.62356875 0.44287031250000003 0.6184734375 0.4813109375 0.638078125 0.48406874999999994 0.6497171875000001 0.435340625 0.62356875 0.44287031250000003
2 0.661996875 0.3991125 0.6605078125 0.37975 0.643390625 0.3737921875 0.635203125 0.3877453125 0.63966875 0.4087921875 0.644878125 0.41028281250000004 0.661996875 0.3991125
2 0.5786421875000001 0.4862421875 0.5578031250000001 0.4914546875 0.5600359375 0.5219875 0.576409375 0.5160312499999999 0.5786421875000001 0.4862421875
2 0.6701828125 0.35145 0.66869375 0.329109375 0.6471109375 0.3134703125 0.635203125 0.29634218749999997 0.6225515625 0.3179390625 0.629621875 0.34309218750000003 0.643390625 0.36560000000000004 0.6612515625000001 0.367834375 0.6701828125 0.35145
2 0.5920375 0.48773125000000006 0.6076671874999999 0.48773125000000006 0.6069234375 0.4691140625 0.596503125 0.45124062499999995 0.59948125 0.416984375 0.5935265625 0.397621875 0.5711999999999999 0.382728125 0.5645015625 0.41400625 0.5592921875 0.4475171875 0.5697109375 0.46762499999999996 0.5786421875000001 0.4832640625 0.5920375 0.48773125000000006
2 0.43574843750000003 0.594225 0.4789140625 0.5860328124999999 0.49305468750000003 0.5569890625 0.5064515625 0.5361374999999999 0.47221718749999997 0.5316687499999999 0.4625421875 0.5540109375 0.441703125 0.5487968750000001 0.41788749999999997 0.543584375 0.4082125 0.553265625 0.4097015625 0.567415625 0.42830625 0.5905015625 0.43574843750000003 0.594225