2 0.215622221875 0.6225650796875 0.1819619046875 0.66975396875 0.2052174609375 0.7123158734375 0.23459682499999998 0.6827063484375 0.215622221875 0.6225650796875
2 0.23214761875 0.8195587296875001 0.2534063484375 0.8206253968749999 0.26397301562500003 0.776996825 0.2419396828125 0.7594174609375 0.21990793593750002 0.78624920625 0.23214761875 0.8195587296875001
2 0.37536190468749997 0.4227079359375 0.3386412703125 0.4412126984375 0.3361920640625 0.489326984375 0.374630159375 0.483579365625 0.37536190468749997 0.4227079359375
3 0.266422221875 0.45046666718750006 0.254180953125 0.505980953125 0.28646666718749997 0.51825555625 0.2964111109375 0.4569412703125 0.266422221875 0.45046666718750006
2 0.3971603171875 0.08240476249999999 0.3871682546875 0.1458412703125 0.42286349218749997 0.143176190625 0.436122221875 0.0839158734375 0.3971603171875 0.08240476249999999
2 0.4780841265625 0.08240476249999999 0.4471126984375 0.11261269843749999 0.46109999999999995 0.14735238125 0.490323809375 0.1409126984375 0.4780841265625 0.08240476249999999
2 0.39173773125 0 0.3871682546875 0.034071428125 0.43785396875 0.04355238125 0.436122221875 0.0038634921875 0.411991515625 0 0.39173773125 0
2 0.33503015937499997 0.8950333328125 0.3401825390625 0.9208095234375 0.3577857140625 0.91665555625 0.373671428125 0.9019079359375001 0.369377778125 0.87784920625 0.3453349203125 0.8718349203125 0.33503015937499997 0.8950333328125
2 0.3796825390625 0.9208095234375 0.37195396875000003 0.9508825390625001 0.3874095234375 0.9630253968750001 0.39685555625 0.9611936515625 0.4028666671875 0.9431507937499999 0.393420634375 0.9122174609375 0.3796825390625 0.9208095234375
2 0.695676190625 0.9388539687499999 0.686230159375 0.921669840625 0.6742095234375001 0.9440095234375001 0.6819380953125 0.9654904765625 0.69825238125 0.963771428125 0.695676190625 0.9388539687499999
2 0.7274476187500001 0.9617365078125 0.7394682546875 0.955179365625 0.7368936515625 0.9345571421875001 0.7188603171875 0.931980953125 0.710273015625 0.9568984125 0.7274476187500001 0.9617365078125
2 0.7386095234375001 0.963771428125 0.719719046875 0.97064603125 0.7265888890625 0.9904079359375 0.7368936515625 0.9955634921875 0.744620634375 0.9878301593750001 0.7386095234375001 0.963771428125
2 0.42436996562499996 1 0.43807142812500005 0.98954761875 0.43635555625 0.9689269843750001 0.41145238125 0.9672079359374999 0.4002904765625 0.9861111109375 0.4198432078125 1 0.42436996562499996 1
2 0.5155063484375 0.3057142859375 0.5265666671875 0.320469840625 0.5527428578125 0.3294412703125 0.5877666671874999 0.32415872968750004 0.587028571875 0.2894825390625 0.5295158734375 0.2909587296875 0.5155063484375 0.3057142859375