2 0.1689453125 0.453125 0.166015625 0.4560546875 0.1970341796875 0.46048046875 0.1943359375 0.4638671875 0.2021484375 0.4580078125 0.2109375 0.4443359375 0.2109375 0.421875 0.2001953125 0.4091796875 0.173828125 0.41015625 0.171875 0.4248046875 0.166015625 0.43359375 0.166015625 0.450439453125 0.1689453125 0.453125
2 0.27422949218750003 0.5332451171875 0.23837890625 0.5177646484375 0.21906152343750002 0.5340126953125 0.228255859375 0.5646914062499999 0.26656640625 0.557021484375 0.27422949218750003 0.5332451171875
2 0.15970605468750002 0.441568359375 0.06520507812500001 0.5011416015625 0.06048046875 0.5512587890625 0.12190625 0.5815175781249999 0.2079013671875 0.531400390625 0.15970605468750002 0.441568359375
3 0.4650185546875 0.6812714843750001 0.44992968749999995 0.683326171875 0.4382001953125 0.70198046875 0.44356445312500004 0.7104169921875 0.4627197265625 0.7104169921875 0.4650185546875 0.6812714843750001
2 0.13324609375000002 0.41414550781250004 0.114345703125 0.4084716796875 0.096390625 0.4328134765625 0.0992255859375 0.46237207031249994 0.12379589843750001 0.4689912109375 0.1370263671875 0.4444052734375 0.13324609375000002 0.41414550781250004
2 0.23152734375 0.4444052734375 0.2570419921875 0.430220703125 0.2523173828125 0.40468945312500004 0.22963671875 0.40446289062499996 0.218296875 0.39996191406250003 0.21640722656250003 0.4198193359375 0.23152734375 0.4444052734375
2 0.21262695312500002 0.36686523437499996 0.23625195312499997 0.3706474609375 0.2523173828125 0.3507900390625 0.2457021484375 0.33471484375 0.218296875 0.33500488281249996 0.2201865234375 0.33376953125000003 0.19561621093749998 0.3470078125 0.21262695312500002 0.36686523437499996
2 0.134328125 0.3908134765625 0.215248046875 0.4070078125 0.22107421875000002 0.374619140625 0.1783486328125 0.3493564453125 0.0922490234375 0.37903125000000004 0.074123046875 0.3914619140625 0.092896484375 0.40765624999999994 0.134328125 0.3908134765625
2 0.1628115234375 0.42579394531250003 0.1686376953125 0.4070078125 0.1576328125 0.40376953125000004 0.138859375 0.4102470703125 0.1356220703125 0.42320214843750004 0.1427431640625 0.44069238281249995 0.1628115234375 0.42579394531250003
2 0.2133056640625 0.4782626953125 0.2314326171875 0.475671875 0.2301376953125 0.46466015625 0.2243115234375 0.453 0.2097451171875 0.4547724609375 0.1971220703125 0.46401171874999997 0.1997109375 0.4782626953125 0.2133056640625 0.4782626953125
2 0.2243115234375 0.5061171875 0.2158955078125 0.4918662109375 0.2019775390625 0.492642578125 0.1951796875 0.50223046875 0.2016533203125 0.5145380859375 0.2243115234375 0.5061171875