3 0.41319 0.6446566671875 0.390635 0.6204783328125 0.3474833328125 0.6198233328125 0.36388 0.6471583328125 0.41319 0.6446566671875
1 0.4229966671875 0.401565 0.40730666718749997 0.37216 0.3651366671875 0.373465 0.3844633328125 0.40300166718749997 0.4229966671875 0.401565
2 0.2092066671875 0.6760233328125 0.1797866671875 0.67537 0.19482 0.694225 0.2327433328125 0.6975866671875 0.2092066671875 0.6760233328125
2 0.2602033328125 0.685825 0.2484333328125 0.6694883328125 0.2239183328125 0.6740616671875 0.2374516671875 0.6961866671875 0.2602033328125 0.685825
2 0.306295 0.67733 0.2690283328125 0.668835 0.2758933328125 0.6930116671875 0.3111983328125 0.6930116671875 0.306295 0.67733
3 0.053369999999999994 0.6159033328125 0.0210066671875 0.6080616671875 0.015465000000000001 0.6334316671875 0.0553316671875 0.642695 0.053369999999999994 0.6159033328125
2 0.5769650000000001 0.454495 0.5602933328125 0.4257433328125 0.52793 0.42966499999999996 0.5476433328125 0.44810666718750003 0.5769650000000001 0.454495
2 0.3642483328125 0.38653499999999996 0.3279616671875 0.3708516671875 0.3168383328125 0.40594333281250006 0.35444166718750003 0.40483166718749997 0.3642483328125 0.38653499999999996
2 0.245585 0.3538616671875 0.21616333281250003 0.3420983328125 0.1933483328125 0.36378 0.23185666718750003 0.37150500000000003 0.245585 0.3538616671875
2 0.45633999999999997 0.36105 0.4043633328125 0.348635 0.41239499999999996 0.3765266671875 0.4533983328125 0.3819616671875 0.45633999999999997 0.36105
2 0.36572 0.3355366671875 0.3450666671875 0.337125 0.3387116671875 0.3553833328125 0.353595 0.3641166671875 0.376045 0.3593533328125 0.377635 0.3537966671875 0.36572 0.3355366671875
2 0.4967866671875 0.444295 0.4904333328125 0.42683 0.4586583328125 0.4244483328125 0.4642183328125 0.4466766671875 0.4967866671875 0.444295
2 0.32997333281249996 0.3553833328125 0.3323566671875 0.33633166718749996 0.31488 0.326805 0.29105 0.3283933328125 0.2743683328125 0.351415 0.2560983328125 0.3641166671875 0.279135 0.3776116671875 0.305965 0.37007 0.32997333281249996 0.3553833328125
2 0.3482433328125 0.43238666718749996 0.38160666718749997 0.43953166718750003 0.41735166718750005 0.44508833281250004 0.43879999999999997 0.43397500000000006 0.4554816671875 0.4244483328125 0.46024666718749996 0.41016 0.46024666718749996 0.3934883328125 0.44038833281249995 0.3942816671875 0.4213233328125 0.4053966671875 0.3847833328125 0.40221999999999997 0.36413 0.4085716671875 0.3482433328125 0.43238666718749996
2 0.5253833328125 0.5705166671875 0.5198233328125 0.59592 0.53015 0.60624 0.5452433328125 0.6046516671875 0.5698683328125 0.5848066671875001 0.57384 0.5768683328125 0.5651016671875 0.530825 0.5341216671875 0.5157416671874999 0.51188 0.5014516671875 0.5071133328124999 0.5379683328125 0.530945 0.5482883328125 0.5253833328125 0.5705166671875