3 0.5509301718749999 0.5652210125 0.5246107109375 0.5864539890625 0.571758903125 0.594265959375 0.592723909375 0.569271109375 0.5509301718749999 0.5652210125
1 0.5814423703125 0.320153528125 0.5607712203124999 0.34725300468750003 0.597712490625 0.3528499765625 0.6219202187499999 0.32601692187500003 0.5814423703125 0.320153528125
2 0.7442389234375 0.6419182218749999 0.7157059218749999 0.6393594921875 0.6889293421875 0.657924059375 0.726182240625 0.658754221875 0.7442389234375 0.6419182218749999
2 0.6790521171874999 0.6286927609374999 0.664619490625 0.6434165921874999 0.6846453828125 0.656040684375 0.701867353125 0.635838275 0.6790521171874999 0.6286927609374999
2 0.6592865328124999 0.6258135234375 0.6217041890624999 0.6300834203125001 0.61402553125 0.64491219375 0.6481189359374999 0.6487507906250001 0.6592865328124999 0.6258135234375
3 0.9102043312499999 0.5932460125000001 0.8774796859375 0.59740901875 0.8705562890625 0.6234410859375 0.9107936265625 0.618701215625 0.9102043312499999 0.5932460125000001
2 0.42364779375 0.356010496875 0.40215130156249995 0.3823632265625 0.43166585937499996 0.37929320781250003 0.45416434843750003 0.3633709546875 0.42364779375 0.356010496875
2 0.6583099953125 0.32749879531250004 0.620324703125 0.338916996875 0.626360365625 0.35790681874999997 0.6624645578125 0.36308430468749997 0.6583099953125 0.32749879531250004
2 0.7716689109375 0.3114872421875 0.741048846875 0.319811784375 0.7509942281249999 0.3385879859375 0.789631090625 0.33520739375 0.7716689109375 0.3114872421875
2 0.5887005624999999 0.29742825 0.536177215625 0.303938840625 0.535092609375 0.32474393125 0.57570899375 0.323877915625 0.5887005624999999 0.29742825
2 0.6135427375 0.30539074843749997 0.6140351328125 0.3110069828125 0.634820571875 0.31811410156250003 0.65083246875 0.3111770671875 0.648122821875 0.29260008437499996 0.628476415625 0.2887985703125 0.6135427375 0.30539074843749997
2 0.4909063609375 0.3646706515625 0.48149271406249994 0.38108874375 0.5124963078125 0.38696289375 0.5220379671875001 0.36579234375 0.4909063609375 0.3646706515625
2 0.728971346875 0.32871459375 0.7137125625 0.3142854921875 0.7019247656250001 0.28991952187500003 0.67921070625 0.28577261875 0.6605455578125 0.2932048453125 0.65927091875 0.3121271578125 0.6796985078125 0.32912469375 0.7041921140625 0.3394297125 0.728971346875 0.32871459375
2 0.5394265593750001 0.3772838796875 0.5580527484375 0.3905026078125 0.593614090625 0.388945684375 0.627173646875 0.38557386562499996 0.61630248125 0.36051717656250004 0.5975501984375 0.3520494578125 0.5616678875 0.35118847343750004 0.5453435515625 0.3382272484375 0.5263156328124999 0.33529095937500003 0.5231862015625001 0.351622671875 0.52510561875 0.36613773125 0.5394265593750001 0.3772838796875
2 0.4045985015625 0.5329070140625001 0.41887571718750005 0.536104009375 0.43078515624999997 0.5271172296875 0.43018441249999995 0.5016273796874999 0.42898608281249995 0.47924760781250003 0.45393705625 0.4717291828125 0.4561885 0.4354388703125 0.43202775156250006 0.447019215625 0.3992796375 0.45842662812499996 0.38219841250000003 0.50258099375 0.38454367968750003 0.51078928125 0.4045985015625 0.5329070140625001