2 0.7917390625 0.2941265625 0.76281875 0.32327343750000004 0.781496875 0.382475 0.81463125 0.3360234375 0.7917390625 0.2941265625
2 0.777278125 0.22134843750000002 0.7652296875 0.188559375 0.744303125 0.187509375 0.7339015625 0.23045624999999997 0.755590625 0.2477609375 0.777278125 0.22134843750000002
2 0.6628109375 0.51363125 0.6249734375 0.5192890625000001 0.624253125 0.579209375 0.6604 0.56099375 0.6628109375 0.51363125
3 0.711759375 0.4851546875 0.7019703125000001 0.5455109375 0.731490625 0.551884375 0.743540625 0.49723750000000005 0.711759375 0.4851546875
2 0.57749375 0.8543734374999999 0.5644421875 0.9127078125000001 0.6027953125 0.9141953125000001 0.61263125 0.85175 0.57749375 0.8543734374999999
2 0.5398546875 0.8502625 0.5110875 0.8566015625000001 0.5231359375 0.9141953125000001 0.5536234375 0.8844593749999999 0.5398546875 0.8502625
2 0.61263125 0.9617734375 0.5627375 0.952440625 0.5644421875 0.991509375 0.6077140625 0.9984375 0.61263125 0.9617734375
2 0.6639546875 0.11426406250000001 0.6588828125 0.088890625 0.6415546875 0.09297968749999999 0.6259171875 0.107496875 0.63014375 0.1311796875 0.6538109375000001 0.1371 0.6639546875 0.11426406250000001
2 0.62 0.088890625 0.6276078125 0.05928750000000001 0.6123937500000001 0.047334375 0.6030953125 0.0491375 0.597178125 0.06689843749999999 0.6064765624999999 0.0973484375 0.62 0.088890625
2 0.3064078125 0.0466 0.30894374999999996 0.071128125 0.3182421875 0.08804375 0.330075 0.066053125 0.3224671875 0.0449078125 0.3064078125 0.0466
2 0.294575 0.05336562500000001 0.27766875 0.048603125000000004 0.2658359375 0.055057812500000004 0.2683703125 0.0753578125 0.28612187499999997 0.07789375 0.294575 0.05336562500000001
2 0.2607640625 0.0229171875 0.26668125 0.0466 0.2852765625 0.039832812499999995 0.2785140625 0.0203796875 0.2683703125 0.0153046875 0.2607640625 0.0229171875
2 0.5997140625 0.024609375 0.578159375 0.0092984375 0.5625234375 0.0212265625 0.5642125 0.041525 0.5887265625 0.0432171875 0.5997140625 0.024609375
2 0.4862984375 0.694375 0.47541093749999996 0.67985 0.44964375 0.67101875 0.4151671875 0.67621875 0.41589375000000006 0.7103531249999999 0.47250781249999996 0.7089000000000001 0.4862984375 0.694375