2 0.6291901328125 0.47282526875 0.6446932249999999 0.4764907625 0.6520905046875 0.4760589015625 0.6576788375 0.4650931890625 0.6558116468749999 0.44682788906250004 0.6514597 0.4305152546875 0.648155896875 0.4256380046875 0.6315788437500001 0.41982685000000003 0.62773860625 0.42045198125 0.6202236109375 0.423442603125 0.6226329421875 0.4444933125 0.6291901328125 0.47282526875
2 0.20800761093750003 0.4617003890625 0.2092527546875 0.47387420156250004 0.21699378125000002 0.4935038171875 0.22284134375 0.5041561359375 0.23029640625 0.5114539984375 0.23817480156249998 0.5109456140625 0.24847940937500002 0.50075855625 0.24573618125 0.4810894734375 0.23776819218749998 0.4568558421875 0.227512909375 0.43531502499999997 0.21026621250000002 0.453063759375 0.20800761093750003 0.4617003890625
2 0.45110400781250004 0.29342582500000003 0.462464303125 0.33412830625 0.48739873281249996 0.3393531046875 0.49129307187500004 0.3333041109375 0.4828165984375 0.305284584375 0.47939801718749997 0.2981037390625 0.4684695171875 0.28905260781250003 0.4607890421875 0.2903028671875 0.45110400781250004 0.29342582500000003
2 0.649991871875 0.776092978125 0.6527609171875 0.7864723390624999 0.661460034375 0.792793596875 0.6706639484375 0.7897471609375 0.6729484765625 0.773904196875 0.6717872328125 0.760164946875 0.6680863734375 0.7538059406250001 0.6587108140625 0.7468224984375 0.652385359375 0.7493985703125 0.651858671875 0.7476667171875 0.645639925 0.7597803437499999 0.649991871875 0.776092978125
2 0.4204914515625 0.7700542875 0.4148998921875 0.76786813125 0.4072194171875 0.7691183890625 0.39963878125 0.77132585 0.40143517500000003 0.792496090625 0.40858135156250003 0.7967496609375 0.4167703078125 0.7992853 0.42560834375 0.7986207000000001 0.4241369953125 0.7818391499999999 0.4204914515625 0.7700542875
2 0.54647081875 0.42370587656250003 0.55474304375 0.411527378125 0.556150615625 0.3942771859375 0.538553828125 0.3677440953125 0.52821971875 0.3740672875 0.521277915625 0.396859328125 0.5285399578125001 0.4165669125 0.54647081875 0.42370587656250003
2 0.258689521875 0.5467131000000001 0.2506984859375 0.5449193375 0.2426221703125 0.5446858453125001 0.2415498859375 0.542539915625 0.233959465625 0.5685339125 0.244353209375 0.5830871484375 0.2568335609375 0.5810555468749999 0.26651859375 0.577932590625 0.26479400625 0.5658350249999999 0.258689521875 0.5467131000000001
2 0.6473837984374999 0.517552059375 0.6419860984375 0.536732353125 0.643785440625 0.5613918203125 0.6604704953125 0.577354565625 0.6833729140625 0.5736264171875 0.6799264734375 0.553541975 0.6747046296875 0.516053759375 0.6854858546875 0.48480599375000005 0.6699519203125 0.4588261421875 0.657840878125 0.4922552484375 0.6473837984374999 0.517552059375
2 0.5906428906250001 0.4123826828125 0.6020722578125 0.42454922812499996 0.6205260109374999 0.4187398390625 0.6212973078124999 0.40458722031249994 0.606305253125 0.3909944484375 0.5866480140625 0.39058968125 0.5906428906250001 0.4123826828125
2 0.3713554375 0.7628691296875 0.37402209375 0.7899018671875 0.3912961140625 0.78989534375 0.386821525 0.76631075625 0.3713554375 0.7628691296875
2 0.25749139374999996 0.48754725 0.2581542125 0.506407321875 0.2679930171875 0.5241795953125 0.2784825078125 0.52256546875 0.28100155937500004 0.5101758265624999 0.27886105781250003 0.4930541953125 0.280560359375 0.470314515625 0.27402268125 0.4549072703125 0.25814489375 0.44451194687499995 0.2453918078125 0.45856932031250003 0.2488840046875 0.473473725 0.25749139374999996 0.48754725
2 0.290611365625 0.5425548453125 0.2848278859375 0.5408938421875 0.289001721875 0.5692725234375 0.3041598203125 0.5787846062499999 0.321152390625 0.5715265953124999 0.3176977390625 0.553120990625 0.3085334328125 0.5351455265625 0.290611365625 0.5425548453125
2 0.29212333749999997 0.619180984375 0.3086966 0.6139866296875 0.30650231250000004 0.5893860656250001 0.2914643609375 0.5748614359374999 0.27971631874999997 0.5817668171875 0.2780974859375 0.6029937046875 0.29212333749999997 0.619180984375
2 0.61858458125 0.7705532765625 0.61224660625 0.7887964390625 0.6247981703125001 0.7938440078125 0.631947225 0.786180390625 0.6272463359375 0.7739440937500001 0.61858458125 0.7705532765625
2 0.56328774375 0.8152491968750001 0.5571226140625 0.82425593125 0.560707215625 0.8359106234375 0.5729519734374999 0.8407710578125001 0.5764956296875 0.8255079953125 0.56328774375 0.8152491968750001