2 0.48222265625 0.1322214078125 0.48144726562500006 0.09609970625 0.455248046875 0.09315689218749999 0.4357060546875 0.1462038125 0.45663867187499996 0.1776642234375 0.4791220703125 0.159020528125 0.48222265625 0.1322214078125
2 0.575255859375 0.16368181875 0.57448046875 0.1345513203125 0.5576201171874999 0.133331378125 0.5411435546875001 0.1462038125 0.537267578125 0.17649853437500002 0.565177734375 0.18115982343749998 0.575255859375 0.16368181875
2 0.5706044921875 0.24524633437499999 0.5737050781249999 0.22543695000000002 0.5587841796874999 0.19795894375 0.5419189453125 0.20213343125 0.5395927734375 0.2464105578125 0.5558740234374999 0.2557331375 0.5706044921875 0.24524633437499999
2 0.63030078125 0.3454530796875 0.6372783203125 0.3233137828125 0.6372783203125 0.2965146625 0.6367265625 0.2730659828125 0.5969638671874999 0.2802023453125 0.5969638671874999 0.3279750734375 0.6140195312500001 0.3466173015625 0.63030078125 0.3454530796875
2 0.654333984375 0.3664266859375 0.65976171875 0.3512785921875 0.6605361328125 0.3338005859375 0.6530126953125001 0.3307067453125 0.6419296875 0.326809384375 0.6372783203125 0.341957478125 0.6403789062499999 0.3664266859375 0.654333984375 0.3664266859375
2 0.5923125 0.449155425 0.586884765625 0.418860703125 0.5646005859375001 0.404068915625 0.53494140625 0.436338709375 0.5457958984375 0.479450146875 0.5806826171874999 0.4852771265625 0.5923125 0.449155425
2 0.5737050781249999 0.5480865109375 0.565763671875 0.5280835781250001 0.5426943359374999 0.536435484375 0.549671875 0.565564515625 0.565177734375 0.5713914953125 0.5737050781249999 0.5480865109375
2 0.6297470703125 0.5717507328125 0.606267578125 0.5667302046875 0.603166015625 0.60285190625 0.6264248046875001 0.6063475078125 0.6297470703125 0.5717507328125
2 0.6256494140625 0.5352697953125001 0.6285830078125 0.5595234609374999 0.6396044921875 0.5783826984375 0.6527841796875 0.539931084375 0.63340234375 0.5166261000000001 0.6256494140625 0.5352697953125001
2 0.6093681640625 0.5166261000000001 0.6006630859375 0.5106173015625 0.5822333984375 0.521287390625 0.5861103515625 0.5469222874999999 0.6085927734375 0.5469222874999999 0.6093681640625 0.5166261000000001
2 0.600064453125 0.5457565984375 0.57448046875 0.5585733140625 0.578560546875 0.5595234609374999 0.578357421875 0.5853739 0.591537109375 0.600520528125 0.603166015625 0.56440029375 0.600064453125 0.5457565984375
2 0.5403681640625 0.638972140625 0.5271884765625 0.613338709375 0.5250468749999999 0.6154178890625001 0.5016044921875 0.6179985343750001 0.497728515625 0.6447991203125001 0.5163349609375001 0.6715982406250001 0.5403681640625 0.638972140625
2 0.5364921875 0.5970249265625001 0.53494140625 0.5609046921874999 0.5147841796875 0.539931084375 0.4907509765625 0.5457565984375 0.48067187499999997 0.5946950140625 0.4892001953125 0.6121730203125 0.5171103515625 0.6086774187499999 0.5364921875 0.5970249265625001
2 0.5008291015624999 0.6983973609375 0.448267578125 0.60668475 0.4310546875 0.6785894421875 0.45663867187499996 0.7088841640625 0.5008291015624999 0.6983973609375
2 0.42175097656249994 0.7776304984375 0.42640234374999997 0.75782258125 0.41632421875 0.7286920828125 0.4101220703125 0.72053665625 0.390740234375 0.745005865625 0.390740234375 0.7694750734375 0.40779589843749997 0.7951085046874999 0.42175097656249994 0.7776304984375
2 0.3164775390625 0.6972331375 0.3164775390625 0.6797551312500001 0.309220703125 0.653846040625 0.28314062500000003 0.6657727265625 0.2862412109375 0.6972331375 0.3009716796875 0.7158753671875 0.3164775390625 0.6972331375
2 0.3208876953125 0.5743269796875 0.306341796875 0.54380351875 0.27902343749999997 0.5580146625 0.2867763671875 0.605787390625 0.31546093750000004 0.6046217015625001 0.3208876953125 0.5743269796875
2 0.4821455078125 0.5453079171875 0.47826953124999994 0.515013196875 0.4645546875 0.49489589375 0.44725878906250005 0.5243343109375 0.44725878906250005 0.5651158359374999 0.45811230468749997 0.5756026390625 0.4821455078125 0.5453079171875
3 0.43654492187500005 0.47945894375 0.43524414062499994 0.4227272734375 0.40690136718750003 0.44672580625 0.4092109375 0.45011436875 0.4014013671875 0.49902199375 0.43654492187500005 0.47945894375
2 0.5671865234375 0.2822712609375 0.5409287109375 0.26125659843750004 0.5172958984375 0.28255571874999996 0.53392578125 0.3059120234375 0.5610595703125 0.3032844578125 0.5671865234375 0.2822712609375
2 0.919052734375 0.4585146625 0.9251796875 0.4164853375 0.907673828125 0.4046656890625 0.8980458984374999 0.4204266859375 0.8945449218749999 0.4440674484375 0.9024218749999999 0.45982697968749997 0.919052734375 0.4585146625
2 0.2741220703125 0.7138680359375 0.269755859375 0.6895029328125 0.2591533203125 0.68550733125 0.2466787109375 0.6932522 0.2504208984375 0.7213636359375 0.2616484375 0.7326085046874999 0.2741220703125 0.7138680359375
2 0.2572822265625 0.5761173015625001 0.25416308593750003 0.550816715625 0.24605468749999998 0.5408196484375 0.237947265625 0.5414457484375 0.23170996093750001 0.554564515625 0.241689453125 0.5770542515625 0.2572822265625 0.5761173015625001