2 0.61057 0.1982695625 0.6141109265625 0.245434728125 0.6526927171875 0.2581065546875 0.66848243125 0.21666535781250001 0.6572058875 0.1716080765625 0.6314383140625 0.1672121125 0.61057 0.1982695625
2 0.5095806765625001 0.21590029375 0.5348667578125 0.25672971875 0.5704094234375 0.22721500468750003 0.5764634421875 0.171205740625 0.5465177640625 0.1543736078125 0.5235209843749999 0.1520997046875 0.5095806765625001 0.21590029375
2 0.4445876109375 0.4022217890625 0.418470096875 0.3634791234375 0.3912228453125 0.37691323906249996 0.3855911359375 0.4391250140625 0.3958588609375 0.47098819062499997 0.4287818546875 0.4695201390625 0.4399767328125 0.44853077656250007 0.4445876109375 0.4022217890625
2 0.505549071875 0.6290483109375 0.5235311078125 0.6173914125 0.5359811062500001 0.5768301796874999 0.534476609375 0.5618958953125001 0.5113952687500001 0.5467596703125001 0.49017171406250004 0.5744818203125 0.48413373593750003 0.6046339265625 0.487347790625 0.6185170328125 0.505549071875 0.6290483109375
2 0.5802431046875001 0.34706579843749996 0.597540353125 0.31902455625 0.5933379234375 0.29214508125 0.5865371374999999 0.2820859890625 0.575936103125 0.27914904687500003 0.5587725140625001 0.2885147078125 0.5508587671875 0.321871609375 0.5576884234375 0.3433292578125 0.5802431046875001 0.34706579843749996
2 0.438721453125 0.3833328109375 0.44865208125 0.3896176953125 0.46747038906249994 0.378146425 0.4639356 0.3527047171875 0.45112302499999996 0.3510866984375 0.44056255312500003 0.3593659828125 0.438721453125 0.3833328109375
2 0.496658471875 0.432461790625 0.5034224421875 0.42177668125 0.5036786140625 0.40356984531249995 0.49404749531250003 0.39025101093750003 0.49378965468749997 0.38478645624999996 0.47080508125 0.3948752859375 0.4667115046875 0.42316284375 0.48201130625 0.440496915625 0.496658471875 0.432461790625
2 0.375552703125 0.303778334375 0.36661461093750003 0.318282359375 0.3708691609375 0.3513299796875 0.3913202546875 0.3331333046875 0.38964170781249996 0.3108956703125 0.375552703125 0.303778334375
2 0.323036528125 0.102626409375 0.3172703078125 0.1016973078125 0.3120316640625 0.10600230625 0.31333312343749997 0.129440090625 0.32165100625 0.1309621765625 0.330566834375 0.1231601234375 0.33403393124999997 0.11284341093750001 0.323036528125 0.102626409375
2 0.307143903125 0.0711835171875 0.3114922453125 0.0538397921875 0.308702578125 0.043512896875 0.2977625859375 0.026050849999999997 0.296461665625 0.025937034375 0.290685525 0.0451818703125 0.293805921875 0.0671932953125 0.307143903125 0.0711835171875
2 0.430043646875 0.146520203125 0.4285843765625 0.1472215265625 0.4161796875 0.164161440625 0.4263410515625 0.1822031046875 0.43428535312500005 0.1759645609375 0.43867748906250004 0.16263357812499998 0.43778169062499994 0.1508701390625 0.430043646875 0.146520203125
2 0.4868743125 0.6558585828125 0.498985303125 0.655785515625 0.5040307125 0.6435372171875 0.5004246046875 0.626345034375 0.4896843515625 0.6225268453125 0.4802147671875 0.6373361421875 0.4868743125 0.6558585828125