2 0.8582440671875 0.67787288125 0.8223016953125001 0.6274847453125 0.8020406781249999 0.6917033890625001 0.8334118640625 0.7233203390625 0.8582440671875 0.67787288125
2 0.7942 0.7736152546875 0.77067288125 0.792386440625 0.7819559328125 0.8389728812499999 0.8046559328124999 0.8378338984375 0.8177254234375001 0.8022661015624999 0.7942 0.7736152546875
2 0.6909423734375 0.4338372875 0.651732203125 0.41407796562500004 0.652513559375 0.479076271875 0.6935576265625001 0.485213559375 0.6909423734375 0.4338372875
3 0.7811288140625 0.5029966109374999 0.7680576265625 0.44371864375000003 0.7360355937499999 0.45063220312499996 0.7466542375 0.5161033890625 0.7811288140625 0.5029966109374999
2 0.6391254234375 0.118440678125 0.6284559328125 0.05070338906250001 0.5868525421874999 0.0523169484375 0.60101016875 0.11559491562499999 0.6391254234375 0.118440678125
2 0.5751169484374999 0.082959321875 0.5420457625 0.05070338906250001 0.528976271875 0.113177965625 0.56018135625 0.1200542375 0.5751169484374999 0.082959321875
2 0.6837949156249999 0.8936542375000001 0.658122034375 0.900076271875 0.6535372875000001 0.9257661015625 0.6705 0.9415135593749999 0.6892966109375 0.945949153125 0.6947983046874999 0.9184254234375 0.6837949156249999 0.8936542375000001
2 0.6324491531249999 0.9367745765625 0.6223627125 0.969805084375 0.62878135625 0.9890711859374999 0.638867796875 0.9910271187499999 0.6553711859375 0.9780610171875 0.64711864375 0.945949153125 0.6324491531249999 0.9367745765625
2 0.3243711859375 0.993659321875 0.332623728125 0.970722034375 0.3197881359375 0.9468677968750001 0.30970169531249997 0.9652169484374999 0.306950846875 0.9918237281250001 0.3243711859375 0.993659321875
2 0.2849457625 0.9578779656249999 0.26568983125 0.9606288140625001 0.262940678125 0.9826491531249999 0.275776271875 0.9896508468749999 0.2941152546875 0.9844847453125001 0.2849457625 0.9578779656249999
2 0.48712711875 0.2733966109375 0.4257152546875 0.27182033906249997 0.42492711875 0.3088474578125 0.46232542343749994 0.31448813593749997 0.490276271875 0.304908475 0.5020864406250001 0.2891525421875 0.48712711875 0.2733966109375