2 0.2567164171875 0.7946428578125 0.2567164171875 0.7857142859375 0.25074626875 0.777777778125 0.2074626859375 0.778769840625 0.2044776125 0.8015873015625001 0.2164179109375 0.809523809375 0.2432835828125 0.809523809375 0.25223880625 0.8035714281249999 0.2567164171875 0.7946428578125
3 0.13134328281250002 0.7579365078125 0.1 0.7579365078125 0.1 0.7619047625 0.0925373140625 0.765873015625 0.0925373140625 0.7857142859375 0.10447761250000001 0.7956349203124999 0.11940298437500001 0.8015873015625001 0.13134328281250002 0.8015873015625001 0.14477611875000002 0.7956349203124999 0.15223880625 0.7876984125 0.15223880625 0.7748015875 0.1402985078125 0.7609126984375 0.13134328281250002 0.7579365078125
2 0.1955223875 0.81845238125 0.18805970156250001 0.809523809375 0.1567164171875 0.809523809375 0.15223880625 0.8125 0.14776119375000002 0.8174603171875001 0.14776119375000002 0.8333333328125001 0.15970149218750002 0.841269840625 0.1835820890625 0.841269840625 0.19104477656250002 0.8382936515624999 0.1955223875 0.8323412703124999 0.1955223875 0.81845238125
3 0.480597015625 0.7916666671875 0.46865671718749996 0.78075396875 0.4328358203125 0.78075396875 0.423880596875 0.7857142859375 0.423880596875 0.80654761875 0.4402985078125 0.815476190625 0.4671641796875 0.815476190625 0.480597015625 0.8085317453125 0.480597015625 0.7916666671875
2 0.326865671875 0.658730159375 0.32835820937500004 0.6448412703125 0.323880596875 0.639880953125 0.2910447765625 0.6418650796875001 0.2910447765625 0.658730159375 0.297014925 0.6617063484375 0.320895521875 0.6617063484375 0.326865671875 0.658730159375
3 0.37423880625 0.824459325 0.36153432812499997 0.8238571421875 0.35427611875 0.8262678578125 0.3433865671875 0.8328978171875001 0.3433865671875 0.8377202374999999 0.359719403125 0.8467609125 0.3678865671875 0.8425416671875 0.37242388125 0.8443501984375 0.37423880625 0.824459325
2 0.274626865625 0.639880953125 0.279104478125 0.622023809375 0.271641790625 0.6130952375 0.2313432828125 0.6140873015625 0.228358209375 0.63095238125 0.2388059703125 0.6359126984375 0.2388059703125 0.6448412703125 0.2626865671875 0.6448412703125 0.274626865625 0.639880953125
2 0 0.8730158734375 0.019402984374999998 0.8730158734375 0.023880596875 0.8700396828124999 0.0313432828125 0.862103175 0.026865671875000004 0.841269840625 0 0.841269840625 0 0.8730158734375
2 0.48358208906250005 0.7113095234375 0.4880597015625 0.69345238125 0.48358208906250005 0.690476190625 0.44626865625 0.6924603171875 0.44477611875 0.70634920625 0.4597014921875 0.7142857140625 0.479104478125 0.7142857140625 0.48358208906250005 0.7113095234375
2 0.29552238750000004 0.8045634921874999 0.2880597015625 0.7956349203124999 0.25522388125 0.7956349203124999 0.25522388125 0.8234126984374999 0.280597015625 0.8234126984374999 0.2910447765625 0.8204365078125001 0.29552238750000004 0.8045634921874999
3 0.5835820890625001 0.6339285718750001 0.5850746265625 0.622023809375 0.576119403125 0.6111111109375 0.5358208953125 0.6130952375 0.5358208953125 0.6329365078125 0.54477611875 0.6369047625 0.5686567171875 0.6388888890625 0.5835820890625001 0.6339285718750001
1 0.2432835828125 0.896825396875 0.228358209375 0.884920634375 0.1835820890625 0.884920634375 0.1671641796875 0.896825396875 0.1671641796875 0.9196428578125 0.1835820890625 0.9285714281249999 0.220895521875 0.9285714281249999 0.2388059703125 0.91865079375 0.2432835828125 0.896825396875
3 0.2617208953125 0.735855159375 0.27986865625 0.738869046875 0.2858985078125 0.7264910718750001 0.25795373125 0.7264910718750001 0.2617208953125 0.735855159375
3 0.28900447812499996 0.7074186515625 0.293480596875 0.69788194375 0.2744253734375 0.6966765875 0.271373134375 0.698505953125 0.271149253125 0.71824305625 0.2825910453125 0.7123482140624999 0.28900447812499996 0.7074186515625
3 0.37672388125 0.7471091265625 0.4062223875 0.7409236109374999 0.40467015 0.7259751984375 0.367958209375 0.7309920640625001 0.37672388125 0.7471091265625
3 0.3060820890625 0.82236805625 0.32937015000000003 0.8182440468750001 0.33014626874999997 0.79711011875 0.2946477609375 0.8075664687499999 0.3060820890625 0.82236805625
3 0.42718208906250005 0.7285525796875 0.4489179109375 0.7223670640625001 0.4357208953125 0.7079335312499999 0.41217910468749996 0.7116557546875 0.42718208906250005 0.7285525796875
3 0.630419403125 0.58679761875 0.6156701499999999 0.56875694375 0.592549253125 0.5755228171875 0.583065671875 0.5909216265625 0.6055776125000001 0.5960763890624999 0.630419403125 0.58679761875
3 0.53183134375 0.6043244046875 0.518634328125 0.6074166671875 0.5110910453125 0.6141974203125 0.5124253734375 0.6295823406250001 0.529502984375 0.6295823406250001 0.53183134375 0.6043244046875
3 0.42781044843749994 0.6337063484375001 0.463519403125 0.6383452375 0.463519403125 0.6130873015625 0.4249791046875 0.6149702375 0.42781044843749994 0.6337063484375001
3 0.366558209375 0.6661805562499999 0.367334328125 0.657417659375 0.3510328359375 0.6517470234375 0.342358209375 0.66137896875 0.3518089546875 0.677005953125 0.366558209375 0.6661805562499999
3 0.38285970156250004 0.6682420640625 0.4030432828125 0.6630873015625001 0.40071492500000006 0.6486547625 0.3819223875 0.6459097218750001 0.3813074625 0.6440148812500001 0.38285970156250004 0.6682420640625
3 0.565211940625 0.7522638890625 0.5807373140625 0.7373154765625001 0.552014925 0.727521825 0.5364895515625 0.7445317453125 0.5465805968749999 0.7527797625 0.565211940625 0.7522638890625
2 0.4216746265625 0.7697896828124999 0.449619403125 0.7527797625 0.43098955156249996 0.7450476187499999 0.3958865671875 0.7549702375 0.4216746265625 0.7697896828124999
2 0.3223104484375 0.7486557546875 0.3401641796875 0.73525396875 0.33550746249999996 0.7197896828125 0.3039567171875 0.7309920640625001 0.3223104484375 0.7486557546875
2 0.29669402968749997 0.731644840625 0.30756119375 0.716696428125 0.29747015 0.7125734125000001 0.2806835828125 0.71706944375 0.29669402968749997 0.731644840625
3 0.5482074625 0.663603175 0.570719403125 0.6563869046875 0.570719403125 0.6450466265625 0.5355283578125001 0.6428154765625 0.5482074625 0.663603175
3 0.359719403125 0.8708710312499999 0.37333134375 0.8570079359375 0.35246119375 0.8515833328125 0.3413432828125 0.8600218249999999 0.3424791046875 0.8702688484375001 0.359719403125 0.8708710312499999
3 0.32977611875 0.839527778125 0.33431343281250003 0.824459325 0.308697015625 0.8292817453125 0.3116283578125 0.8455555562500001 0.32977611875 0.839527778125
3 0.4196074625 0.840130953125 0.42232985 0.8148154765625 0.398473134375 0.8175277781249999 0.39782985000000004 0.83651488125 0.4196074625 0.840130953125