2 0.66102785 0.1169733484375 0.6081606578125001 0.1511289640625 0.6759437765625 0.1772065671875 0.7090622 0.14648409375 0.66102785 0.1169733484375
2 0.8312258140625 0.20921705 0.829886675 0.185217065625 0.79233335 0.1688270421875 0.7622918359375 0.191501965625 0.7822128312500001 0.21767239218749998 0.8312258140625 0.20921705
2 0.40494439531250004 0.2752588265625 0.384366878125 0.3151138140625 0.4528424453125 0.31907921250000004 0.45905693750000004 0.27628850625 0.40494439531250004 0.2752588265625
3 0.477255884375 0.1853361359375 0.41488243281250003 0.19474038437500002 0.422362640625 0.2289872265625 0.491276125 0.22262317812500002 0.477255884375 0.1853361359375
2 0.0018430328124999999 0.3167903703125 0.0036234859374999996 0.3568171890625 0.0702045640625 0.34656299062499996 0.0729691515625 0.3066155015625 0.001820125 0.3128528765625 0.0018430328124999999 0.3167903703125
2 0.0023501 0.40394782500000004 0.0680996671875 0.42227778281250006 0.07515303906250001 0.38990759218750004 0.035979346875 0.37143898750000004 0.002349009375 0.40376044999999994 0.0023501 0.40394782500000004
2 0.88943820625 0.31666522656249996 0.8963616390625001 0.3441865703125 0.9234558140625 0.350909571875 0.9399429125 0.3341983046875 0.9445009125 0.314721515625 0.9154689765624999 0.306897334375 0.88943820625 0.31666522656249996
2 0.9351832874999999 0.37393845468750003 0.9700451125 0.38699869374999996 0.9903039828125 0.3816555828125 0.992302871875 0.37117289531250003 0.9785410015625 0.3528301453125 0.9447594421875 0.359159015625 0.9351832874999999 0.37393845468750003
2 0.9477336703124999 0.7040927671875 0.9671276390625 0.7160713859375 0.99517664375 0.7209298000000001 0.99700379375 0.7027114625 0.9727871390624999 0.6923269624999999 0.9477336703124999 0.7040927671875
2 0.98578033125 0.7666217390625001 0.9930784421875 0.753614359375 0.9875231765624999 0.7339123296875 0.9595472375 0.7416128453125 0.9625634812499999 0.762103009375 0.98578033125 0.7666217390625001
2 0.2371579671875 0.478172625 0.23587367656249997 0.5427582828124999 0.274889221875 0.546316534375 0.28060284687500003 0.5073303124999999 0.27033866406249996 0.4771763375 0.25366627343750003 0.463572696875 0.2371579671875 0.478172625