3 0.55394753125 0.5282272906250001 0.5576422062499999 0.504757296875 0.4851059109375 0.4637211484375 0.3786234140625 0.47614804531250005 0.33842112968750004 0.5238433 0.3904139671875 0.5635102109375 0.4971544625 0.565792034375 0.55394753125 0.5282272906250001
3 0.5235824734375 0.6687141046875 0.5305572671875 0.71545664375 0.594420365625 0.729888640625 0.6679178734375 0.7087585546875 0.6728529578125 0.6749887328125 0.578621890625 0.6481379046875 0.5235824734375 0.6687141046875
3 0.5105192203125 0.7073030578124999 0.508362859375 0.707645528125 0.45813232968750006 0.6944471078125 0.40865885625000004 0.709328334375 0.41047119218750006 0.743383840625 0.4653217921875 0.758513646875 0.5148388171875 0.7461154046875 0.5105192203125 0.7073030578124999
3 0.36803547187499996 0.744590059375 0.3576158109375 0.703818865625 0.286201165625 0.7125247828125 0.2893325140625 0.7526863359375 0.36803547187499996 0.744590059375
3 0.6307688234375 0.2218865203125 0.52993249375 0.227405175 0.525990334375 0.2793785859375 0.610959828125 0.28255640937500004 0.6307688234375 0.2218865203125
2 0.6235996265625 0.143017559375 0.7177538296875 0.1858283328125 0.8228225765625 0.1592638515625 0.8243493624999999 0.1081228203125 0.8010782515624999 0.09521874375 0.6613126328125001 0.0800168109375 0.6235996265625 0.143017559375
2 0.8387980234375 0 0.8810050125 0.0586903578125 0.967406640625 0.048645235937499996 0.9665533828124999 0 0.8387980234375 0
2 0.4031121875 0.290695634375 0.40554628125000003 0.29110580625 0.32727989218750003 0.254998940625 0.25123672343750003 0.276548021875 0.2461062921875 0.3298690640625 0.35684633125 0.350086396875 0.41825840000000003 0.3242123453125 0.4031121875 0.290695634375
2 0.15347798906250001 0.5343319640625 0.19584754375 0.5984460703125001 0.286565365625 0.583704946875 0.3212412671875 0.5551834906249999 0.306996584375 0.527294453125 0.24997991874999997 0.503536625 0.15347798906250001 0.5343319640625
2 0.181259940625 0.615715153125 0.1143805984375 0.587499821875 0.05029784375 0.5992999328125 0.0657896 0.652691815625 0.1421922484375 0.6516372046875001 0.181259940625 0.615715153125
2 0.317508365625 0.688003884375 0.29688709687500003 0.676586953125 0.21847508124999998 0.6437516296875 0.1486082171875 0.6716059546875 0.1786578765625 0.7249745640625 0.2563686734375 0.7294064375 0.2802101359375 0.7055592093749999 0.317508365625 0.688003884375
2 0.9224044812500001 0.719317146875 0.96164015625 0.7144943500000001 0.9655360109375 0.6401570171875 0.9338536203125001 0.61132743125 0.80435513125 0.62820073125 0.787714053125 0.7167372171874999 0.9224044812500001 0.719317146875
2 0 0.7111932140625 0.03687179375 0.7273322828125 0.1020151890625 0.737947121875 0.12632295468750002 0.72472638125 0.12409895312500001 0.69438240625 0.06611459374999999 0.666309996875 0.0052176984374999996 0.6508839859375 0 0.67052741875 0 0.7111932140625