3 0.5556215390625 0.5908333328125 0.5669 0.48759226250000004 0.535115384375 0.4320029765625 0.51256 0.4280297625 0.46642153906250006 0.4975178578125 0.4694969234375 0.600758928125 0.51256 0.6404672625 0.5556215390625 0.5908333328125
3 0.735044615625 0.39626488125 0.72069076875 0.3247916671875 0.688204615625 0.319443453125 0.6540476921875 0.410163690625 0.6694276921875 0.46376785781249996 0.715564615625 0.4578125 0.735044615625 0.39626488125
3 0.751984615625 0.521663690625 0.744104615625 0.4735416671875 0.70592 0.4770625 0.70607076875 0.4791547625 0.68894923125 0.5275327375 0.6992523078125 0.5756547624999999 0.73258923125 0.5744791671875 0.751984615625 0.521663690625
3 0.730164615625 0.6155595234375 0.689553846875 0.6249494046875 0.6919784609375 0.6941964281249999 0.7313769234375 0.6918482140625 0.730164615625 0.6155595234375
3 0.24313846093749997 0.3524732140625 0.2399615390625 0.45013392812499997 0.29026923125000004 0.45483035781250003 0.300573846875 0.3726696421875 0.24313846093749997 0.3524732140625
2 0.19841230781250002 0.16558333281249998 0.14871076875 0.1632380953125 0.13416307656249998 0.1855357140625 0.10749384687500001 0.3205119046875 0.1656815390625 0.35807142812500004 0.2153830765625 0.267696428125 0.19841230781250002 0.16558333281249998
2 0.10232000000000001 0.0042946421875 0.033953846875 0.0041041671875 0.0035230765625 0.0888005953125 0.028373846874999997 0.15805059531250001 0.10535076875 0.1075803578125 0.10232000000000001 0.0042946421875
2 0.3448169234375 0.6196904765625 0.324815384375 0.5598303578125 0.2908723078125 0.5739166671875 0.29147846093749996 0.571568453125 0.24965692343749998 0.6466845234374999 0.26420307656249997 0.7206279765625 0.3157230765625 0.7264970234375 0.3448169234375 0.6196904765625
2 0.5664892312500001 0.6916577375 0.54164 0.6576220234375 0.5132569234375 0.670931546875 0.48527076874999997 0.725696428125 0.50709076875 0.8195922625 0.5731569234375 0.7796845234374999 0.5664892312500001 0.6916577375
2 0.6204338468749999 0.8325029765625 0.588746153125 0.7940922625 0.55558 0.8583244046875 0.5616415390625 0.9205297625 0.61498 0.906446428125 0.6204338468749999 0.8325029765625
2 0.7058969234375 0.7233482140625 0.6846830765624999 0.699875 0.6707415390625 0.6634880953125 0.6578676921875 0.6832470234375 0.6192215390625 0.7585595234375 0.640435384375 0.8266339281249999 0.694986153125 0.7984642859375 0.7058969234375 0.7233482140625
2 0.7525676921875 0.07873511875 0.75074923125 0.028264881250000002 0.6933369234375 0.0216994046875 0.648315384375 0.0658244046875 0.6537707687500001 0.19141071406250001 0.7386276921875 0.20901488124999998 0.7525676921875 0.07873511875
2 0.685255384375 0.935693453125 0.7011246156250001 0.8728422625000001 0.690304615625 0.8490982140625001 0.66054923125 0.85073511875 0.6282769234375001 0.9063630953124999 0.60808 0.965023809375 0.661453846875 0.9803869046875 0.685255384375 0.935693453125