2 0.3315508015625 0.7313167265625 0.29679144375 0.72064056875 0.2647058828125 0.7384341640625001 0.2647058828125 0.7722419921875 0.3315508015625 0.7722419921875 0.3422459890625 0.7526690390625 0.3315508015625 0.7313167265625
2 0.2647058828125 0.6601423484375 0.27272727343750003 0.6387900359375001 0.2673796796875 0.6281138796875 0.2459893046875 0.617437721875 0.21390374374999999 0.613879003125 0.184491978125 0.6263345203124999 0.184491978125 0.6459074734375 0.20320855624999998 0.6601423484375 0.2647058828125 0.6601423484375
2 0.382352940625 0.8434163703124999 0.4625668453125 0.8434163703124999 0.4705882359375 0.8274021359375 0.4652406421875 0.795373665625 0.4304812828125 0.781138790625 0.409090909375 0.781138790625 0.37967914375 0.791814946875 0.3689839578125 0.80782918125 0.377005346875 0.8380782921875 0.382352940625 0.8434163703124999
3 0.8128342249999999 0.599644128125 0.8128342249999999 0.5729537359375 0.788770053125 0.5551601421875 0.7700534765625 0.5551601421875 0.7459893046875 0.5676156578125 0.7459893046875 0.59074733125 0.7593582890625 0.603202846875 0.804812834375 0.60498220625 0.8128342249999999 0.599644128125
3 0.454909090625 0.459014234375 0.41970855625 0.461850534375 0.41518181875 0.47834519531249997 0.42504278125 0.5150355875 0.4773074859375 0.506526690625 0.48477272656250003 0.471779359375 0.454909090625 0.459014234375
2 0.5668021390625 0.5746014234375 0.5294705875 0.5845302484375 0.5191123 0.6124163703125001 0.551868984375 0.6348772234375 0.5956016046875 0.618567615625 0.5934679140625 0.59091103125 0.5668021390625 0.5746014234375
2 0.6190668453125 0.6901886125 0.6329331546875 0.6781334515624999 0.6265347593749999 0.6490604984375 0.6148021390625 0.6433861203125 0.58173529375 0.6355871890625 0.5540026734375 0.6462224203125 0.5558877 0.6762597859375 0.56573529375 0.6994074734375 0.6190668453125 0.6901886125
2 0.846160428125 0.5008523125 0.82695989375 0.5121992875 0.8293048125 0.5262277578125001 0.8440267374999999 0.5426903921874999 0.87495721875 0.54056405625 0.8824251343749999 0.5143256234375 0.846160428125 0.5008523125
2 0.1793155078125 0.726708184375 0.21417647031249998 0.7537046265625 0.26348663125 0.722414590625 0.244435828125 0.6963380781249999 0.20072994687499998 0.6963380781249999 0.1793155078125 0.726708184375
3 0.780604278125 0.272003559375 0.7417860968750001 0.2795302484375 0.7263288765625 0.297103203125 0.7417860968750001 0.32630605 0.784647059375 0.32630605 0.80001336875 0.3021121 0.780604278125 0.272003559375
2 1 0.3450481453125 0.9819759359375 0.33920996406250004 0.9496256687500001 0.3478131671875 0.9469679140625 0.3640658359375 0.962564171875 0.3832989328125 0.9997673796875001 0.378459075 1 0.3779677421875 1 0.3450481453125
2 0.96337433125 0.5384359437499999 0.9334518718749999 0.5470391453125 0.9227219249999999 0.5544626328125 0.9253636359374999 0.5841370109375 0.9585213906250001 0.580373665625 0.9787406421875 0.55832918125 0.96337433125 0.5384359437499999
2 0.8045508015625 0.5077900359374999 0.7600721921875 0.5034893234375 0.7390454546874999 0.5088665484375 0.7333850265625 0.5249946624999999 0.75784759375 0.5391334515625 0.7972727265625 0.550802490625 0.8223422453125 0.548653025 0.8045508015625 0.5077900359374999
2 0.610435828125 0.7191921703124999 0.656743315625 0.7358772234375001 0.681834225 0.7128345203124999 0.6698877000000001 0.6945604984375 0.6328502671875 0.689791815625 0.610435828125 0.7191921703124999
2 0.582783421875 0.7374661921875 0.5134893046875 0.7064786484375001 0.44658288749999997 0.693765125 0.44658288749999997 0.6413238437500001 0.4298582890625 0.5864982203125 0.38206951875 0.530879003125 0.307994653125 0.4736690390625 0.28768449218750003 0.51737010625 0.3238796796875 0.5666334515625 0.361756684375 0.6000053375000001 0.3665374328125 0.6405284703125 0.3450320859375 0.681846975 0.31635828906249996 0.696149465625 0.3713155078125 0.716014234375 0.42627272656250004 0.7247544484375 0.4872058828125 0.766071175 0.5744197859375 0.7692491109375 0.582783421875 0.7374661921875
2 1 0.389079046875 0.96845721875 0.397391459375 0.97682085625 0.4410925265625 0.9135 0.4275836296875 0.8812406421875 0.3838825625 0.8 0.3608398578125 0.771326203125 0.4593665484375 0.8593796796875001 0.48201245625 0.9194732625 0.47923131718749995 0.9469518718750001 0.49671174375 1 0.5003610484375 1 0.4578849640625 0.9971310156250001 0.45698398593749995 1 0.454530628125 1 0.389079046875
2 0.5897245984375 0.63178825625 0.6480454546875001 0.6512562281250001 0.6697727265625 0.6270213515624999 0.659021390625 0.6087455515625 0.6028689843749999 0.592855871875 0.5897245984375 0.63178825625
2 0.46894919843749994 0.06128825624999999 0.5253235296875001 0.09624911093750001 0.5575802140625 0.0668487546875 0.533687165625 0.039834520312499996 0.481117646875 0.04301245625 0.46894919843749994 0.06128825624999999
2 0 0.6403697937499999 0.10094117656249998 0.5974039140625 0.1090534765625 0.5533523125 0 0.468232884375 0 0.6403697937499999
2 0.19134759375 0.375937721875 0.24478609687500003 0.406131671875 0.27226737968750003 0.37355338125 0.27345989375 0.3425658359375 0.21372459843749997 0.3449483984375 0.19134759375 0.375937721875
2 0.759491978125 0.7215747328125001 0.827590909375 0.6913825625000001 0.757660428125 0.6715747328125 0.7319759359375 0.6266227765625 0.70223529375 0.6113398578125 0.70223529375 0.590661921875 0.7092005343750001 0.5555106765625 0.6661898390625 0.5420017796875001 0.6367112296874999 0.5801423484375 0.759491978125 0.7215747328125001
3 0.4701577546875 0.69225266875 0.5143368984375 0.7079857656249999 0.523799465625 0.6989946625 0.5156871656249999 0.6828113874999999 0.48189304843749997 0.6801156578125 0.4701577546875 0.69225266875