3 0.4249350640625 0.46829845312499996 0.423322821875 0.4914617578125 0.49815715000000005 0.5288172484375 0.6017600187500001 0.5123921046875 0.637174603125 0.46401872187500004 0.5826523031249999 0.4271882734375 0.47753012031250003 0.42919933749999994 0.4249350640625 0.46829845312499996
3 0.442694846875 0.329319065625 0.43181638125 0.28375785468750003 0.3677971125 0.27214693125 0.297367384375 0.29579404375 0.29542213125 0.32910741718750003 0.39036174375 0.3516882859375 0.442694846875 0.329319065625
3 0.452215390625 0.29095619375 0.45430562343750003 0.2905345109375 0.5048179375 0.3014783515625 0.552169778125 0.2849155546875 0.5474577390625 0.2515905984375 0.492237703125 0.2389366125 0.4446293859375 0.253066165625 0.452215390625 0.29095619375
3 0.5890682234375 0.248718559375 0.6028191484375001 0.2882867484375 0.6722705390625 0.2769065125 0.6657364796875 0.2376460625 0.5890682234375 0.248718559375
3 0.37578075625 0.771774440625 0.47442790625000003 0.7623487203125 0.47383067656250005 0.7112232203125 0.390032271875 0.7114890203125 0.37578075625 0.771774440625
2 0.3896148328125 0.8488332218749999 0.29337740625 0.8105979062499999 0.1923808078125 0.8408310359375 0.195280721875 0.8910441078125 0.2192666171875 0.9027724046875001 0.357964259375 0.9121171015625 0.3896148328125 0.8488332218749999
2 0.040189448437500004 0.9581621359374999 0.0444440296875 0.99963988125 0.1913260546875 0.998785346875 0.143841978125 0.9417760265625 0.040189448437500004 0.9581621359374999
2 0.5936459578125 0.695233840625 0.59121795 0.6949284890625 0.6712607890625 0.7272219109375 0.7441568453125 0.7030625749999999 0.744611721875 0.6505682 0.6340146203125 0.6351497109375 0.5758730937500001 0.6629680171875 0.5936459578125 0.695233840625
2 0.8180710140624999 0.4463712359375 0.77090468125 0.3851831859375 0.6829976234374999 0.4032503078125 0.6513655375 0.43260060781250004 0.6677679359375001 0.4593834484375 0.7258596625 0.48041242500000003 0.8180710140624999 0.4463712359375
2 0.7837582640625 0.36766731875 0.851928565625 0.3926750375 0.9139064546875 0.3785522703125 0.8940836390625 0.326809284375 0.8190706421874999 0.3308846890625 0.7837582640625 0.36766731875
2 0.6436056375 0.3021995109375 0.6648587671875 0.3125748890625 0.7447632375000001 0.3416542265625 0.8110454171875 0.31155738906249997 0.7769141953124999 0.2604167 0.700143171875 0.2591637640625 0.6787591125 0.28349894375 0.6436056375 0.3021995109375
2 0 0.3663106 0.044336799999999996 0.40192697656250004 0.17018175156249998 0.3802252484375 0.1789212546875 0.2927380890625 0.046298659375 0.2955693484375 0 0.3032037359375 0 0.3663106
2 0.828380740625 0.2585769078125 0.8331780656250001 0.288245703125 0.8925923109375 0.313467325 0.9537813406250001 0.326171115625 0.9635972453124999 0.27058865625 0.9160869249999999 0.2524608109375 0.8511375984375 0.24464420625 0.828380740625 0.2585769078125