3 0.48728348906249996 0.3578403609375 0.44368535781249996 0.40807228906250004 0.43226635468749997 0.5125572296875001 0.464447040625 0.568816265625 0.48728348906249996 0.57283735 0.533996884375 0.5025120484375 0.5308831781250001 0.3980271078125 0.48728348906249996 0.3578403609375
3 0.2620264796875 0.6049849390625 0.276559190625 0.6773192765625 0.30945015625 0.682731928125 0.3440327109375 0.590918675 0.32846105937500003 0.536668675 0.281749221875 0.5426957828125001 0.2620264796875 0.6049849390625
3 0.26451246093749997 0.42462349374999997 0.2448753890625 0.4780753015625 0.2528535828125 0.5267771078125 0.29151401875 0.5232138546875 0.2913613703125 0.5210963859375 0.3086962609375 0.4721355421875 0.29826479687499996 0.423433734375 0.26451246093749997 0.42462349374999997
3 0.3056292828125 0.30346385468750003 0.265739875 0.3058403609375 0.2669672890625 0.3830481921875 0.3080841125 0.37354518125 0.3056292828125 0.30346385468750003
3 0.7123442375 0.5457138546875 0.701911215625 0.6288644578125 0.7600623046874999 0.6493042171875001 0.763278815625 0.5504668671874999 0.7123442375 0.5457138546875
2 0.8053457937499999 0.8384457828125 0.8556666671875 0.8408192765625 0.8703956390625001 0.8182530124999999 0.897397196875 0.681650603125 0.8384844234375001 0.6436385546875 0.7881635515625 0.735102409375 0.8053457937499999 0.8384457828125
2 1 0.9087342984375001 0.977503115625 0.8460692765625 0.899566978125 0.8971475906249999 0.9025862625000001 1 0.9725259062499999 1 1 0.92356391875 1 0.9087342984375001
2 0.686573209375 0.270774096875 0.657116821875 0.3788674703125 0.6773676015625 0.43944879531250003 0.7117336453124999 0.4251927703125 0.7111199375 0.4275692765625 0.7534626171875 0.3515481921875 0.738735203125 0.2767138546875 0.686573209375 0.270774096875
2 0.43268224375 0.3060331328125 0.45784112187500003 0.340478915625 0.48657788125 0.3270090359375 0.514912771875 0.2715843375 0.49282087187499996 0.1765572296875 0.4259314640625 0.21694578281250002 0.43268224375 0.3060331328125
2 0.410147975 0.20236445781249998 0.4437274140625 0.137358434375 0.4375903421875 0.0744036140625 0.383587228125 0.0886566265625 0.3780654203125 0.16349096406250002 0.410147975 0.20236445781249998
2 0.3025841125 0.197939759375 0.29153738281249997 0.27396084374999996 0.3130155765625 0.2977168671875 0.32713084062500003 0.33454216875 0.340165109375 0.31454518125 0.379292834375 0.23832530156249998 0.35781464218750003 0.1694307234375 0.3025841125 0.197939759375
2 0.24428504687500002 0.9263403609375 0.24612616874999999 0.977418675 0.30425389375 0.984063253125 0.3498364484375 0.9394066265625 0.344313084375 0.8123072296875 0.258398753125 0.7944909640625 0.24428504687500002 0.9263403609375
2 0.3365342671875 0.0138253015625 0.3124361375 0.059057229687500004 0.296369159375 0.1226656625 0.3073239875 0.1466957828125 0.33745015624999997 0.14503915625 0.3701246109375 0.08874096406250001 0.390573209375 0.02937349375 0.3365342671875 0.0138253015625