2 0.630205834375 0.21716838593749999 0.6261630375 0.23746657187500003 0.6420205796875 0.2551939078125 0.6766059984374999 0.2582493984375 0.7005491312500001 0.23538036562500003 0.690789125 0.20396797968749997 0.630205834375 0.21716838593749999
2 0.72997424375 0.338411959375 0.7524430046874999 0.34410752968749997 0.7825503546875 0.3410779 0.8056112093750001 0.3236967375 0.7999606796875 0.30551061874999996 0.77888788125 0.2959804640625 0.723151253125 0.3081248390625 0.722045471875 0.3295482890625 0.72997424375 0.338411959375
2 0.49091520156249996 0.176909846875 0.4882683671875 0.193373446875 0.502361353125 0.22207651718750002 0.537974140625 0.2284385734375 0.55736079375 0.22421444375 0.5809353328125 0.2084865625 0.5860054984375 0.191494946875 0.570002865625 0.164973175 0.5636151500000001 0.16106935625000002 0.49091520156249996 0.176909846875
3 0.278485640625 0.509159759375 0.2954489640625 0.5054636453125 0.3136631578125 0.489138515625 0.30698525625 0.46764582812500005 0.2912728078125 0.4587129265625 0.249562484375 0.4660359203125 0.24383354218750003 0.47257982031249995 0.2515388125 0.497379071875 0.278485640625 0.509159759375
2 0.0503238734375 0.5659344421875 0.0462810765625 0.586232625 0.0572919546875 0.6050159953125 0.08343491875 0.5975545328125 0.0962887640625 0.5806321515625 0.08858349531250001 0.5558328984375 0.0503238734375 0.5659344421875
3 0.5748123015625 0.49284026875000003 0.5780775921875 0.5265998125 0.60882895625 0.532563053125 0.6399133046875 0.5229763843749999 0.6392541484375001 0.506756515625 0.619724725 0.4746131328125 0.5748123015625 0.49284026875000003
2 0.435254084375 0.412098465625 0.4451721046875 0.43737409375 0.4740484234375 0.44726218281249996 0.5050166203125 0.4306646984375 0.50635414375 0.4027089046875 0.470181665625 0.388308234375 0.435254084375 0.412098465625
2 0.39841555 0.38987476718749997 0.41068726875 0.39283015312499997 0.44290809062500003 0.393546515625 0.4649725953125 0.37818825624999997 0.4545926359375 0.35065142968749996 0.4389849828125 0.331088546875 0.393310609375 0.3501860234375 0.384223425 0.3641253109375 0.39841555 0.38987476718749997
2 0.2045857234375 0.539741721875 0.20539215156249999 0.565595790625 0.2421494203125 0.5709529671875 0.2562755953125 0.5566182937499999 0.250100446875 0.5440468765625 0.232004971875 0.5316579546875 0.2045857234375 0.539741721875
2 0.7813258328125 0.22941277656249998 0.7419368125 0.211213434375 0.706278871875 0.2500241015625 0.7310731578125 0.27049085625 0.7706849390625 0.26185990000000003 0.7813258328125 0.22941277656249998
3 0.348290475 0.7209842671875 0.3413481578125 0.7464984734375 0.367631178125 0.7706408125 0.400640221875 0.755981684375 0.409576353125 0.73660139375 0.3871364796875 0.712520165625 0.348290475 0.7209842671875
2 0.1382652328125 0.7150080812499999 0.1341886765625 0.7446992390625 0.16572093593749998 0.7479627875 0.1925571609375 0.7335806921875 0.1902739578125 0.717954753125 0.17058624687499999 0.70316433125 0.1382652328125 0.7150080812499999
2 0.117356675 0.519254903125 0.1053954796875 0.5437302921875 0.1250653609375 0.5591794921875 0.1497012 0.5452768359375 0.1572829375 0.5362604078125 0.14632196718749998 0.5092102796875 0.117356675 0.519254903125
2 0.337391028125 0.5262505453124999 0.311138228125 0.5179443765625 0.2720374609375 0.51488774375 0.2499368328125 0.5218355906250001 0.2778584484375 0.5562898265625 0.319412146875 0.5515022609375 0.336916871875 0.54235371875 0.337391028125 0.5262505453124999
3 0.1264671875 0.8383808531250001 0.1375121125 0.8689572296874999 0.1946813828125 0.8673779171874999 0.20861022343750002 0.8608355109374999 0.1924843078125 0.85322834375 0.1685480625 0.831317803125 0.1264671875 0.8383808531250001
2 0.392760065625 0.321533065625 0.3459735640625 0.3151749390625 0.329885234375 0.341539865625 0.345988221875 0.3561599109375 0.3809328875 0.3532766296875 0.392760065625 0.321533065625
2 0.6365210125 0.346458484375 0.6440836 0.303820753125 0.6659424109375001 0.284869215625 0.610398478125 0.27726480468750003 0.5580661015625 0.279996721875 0.490913040625 0.2536404421875 0.41095136875 0.267910515625 0.41254662187499996 0.2990931 0.4842955 0.3142009609375 0.5486048046875001 0.31280112031249996 0.5637441171875001 0.361526690625 0.5947297046875 0.40916491875 0.6540986640625001 0.45140601875 0.7377506312500001 0.4899342265625 0.743542165625 0.4453187734375 0.6965156515625 0.40669372187499997 0.6525525828125 0.3831662703125 0.6365210125 0.346458484375
2 0.1179852234375 0.6415264046875 0.1014405984375 0.66641441875 0.10860483750000001 0.7192430484375001 0.1611768421875 0.6912340718750001 0.14098056718750002 0.652281065625 0.2022698 0.6523283125 0.2441233890625 0.6865624390625 0.3244061140625 0.6919292125000001 0.32195018124999997 0.5947211515624999 0.23560735937500002 0.59106844375 0.18194586875000002 0.6055196953124999 0.151994853125 0.594704259375 0.087815628125 0.6039591843750001 0.07510413125 0.6374699984375 0.1179852234375 0.6415264046875
2 0.4367638921875 0.3986539890625 0.3782859609375 0.3920825046875 0.36559035156249997 0.4188908890625 0.380610621875 0.4337486078125 0.4360902125 0.4374235609375 0.4367638921875 0.3986539890625
2 0.710923846875 0.9048809 0.649737446875 0.88352988125 0.628989984375 0.9172170703125 0.6584436375 0.9375988671875 0.7051713171875 0.9242647749999999 0.710923846875 0.9048809
2 1 0.3830658390625 0.96667446875 0.27580828749999997 0.8896874734375 0.3340780203125 0.895052375 0.3766103609375 1 0.42555254531250003 1 0.3830658390625
2 0.8716850234375 0.5577055843750001 0.814535603125 0.5402039484375 0.7990336515625 0.57590086875 0.8068986609375 0.6049282953125 0.860350490625 0.5909181375 0.8716850234375 0.5577055843750001
2 0.20397514062500002 0.39025560625 0.2730732921875 0.3948502171875 0.30932902812499996 0.4315449953125 0.340695784375 0.4398719203125 0.3466653125 0.459084728125 0.35050037343749996 0.4931208265625 0.393381978125 0.49717888437499996 0.40908838125 0.45591937343750005 0.25697877187499996 0.34875464375 0.20397514062500002 0.39025560625
2 0.164617503125 0.79128668125 0.13655344687499998 0.7764431875 0.10738999062500001 0.79123789375 0.117689834375 0.8243877375 0.15933252343749998 0.8160726078125 0.164617503125 0.79128668125
3 0.5276749203125 0.31886193125 0.48309221406249997 0.31296801093750004 0.477111690625 0.323190703125 0.48913604062499993 0.3366253140625 0.5205427609375 0.332456440625 0.5276749203125 0.31886193125