2 0.2163454125 0.390122671875 0.23756289531250002 0.395084284375 0.2536742328125 0.3797081375 0.25247733906250003 0.3446782578125 0.22615370937499998 0.31937889375 0.195316859375 0.32798220625 0.2163454125 0.390122671875
2 0.32762036875 0.29379054843749997 0.3306291828125 0.2711887625 0.3237814625 0.24045572656249997 0.303167953125 0.2162835609375 0.285315040625 0.22126442656249998 0.278219096875 0.2422862046875 0.2975653671875 0.299455434375 0.3195646984375 0.3014786203125 0.32762036875 0.29379054843749997
2 0.192641690625 0.5300302265625 0.209772046875 0.533411828125 0.23730362187499998 0.520290084375 0.23935271249999998 0.48435459375 0.232623575 0.4644696453125 0.2136330578125 0.43984467499999996 0.19566155937500002 0.43397745312499997 0.17059411875 0.4491320109375 0.16740742656250002 0.45546166406250005 0.192641690625 0.5300302265625
3 0.55818576875 0.7599211546875 0.552297775 0.7425218250000001 0.53336655 0.7233208953125 0.5122676515625 0.7292073718750001 0.5051124171875 0.7448051078125 0.517788840625 0.7875134328125 0.5251812453125 0.7936118703124999 0.549526128125 0.7868197828125 0.55818576875 0.7599211546875
2 0.653849859375 0.948134528125 0.6295049765625 0.954926615625 0.6445862421874999 0.9942437109375 0.6816199734375 0.983911503125 0.672721790625 0.9619114109375 0.653849859375 0.948134528125
3 0.504563265625 0.45800279843749997 0.5386055234375 0.45610025312499997 0.540854153125 0.42508994843750003 0.5271934671875 0.39308855 0.5107242765625 0.3930779078125 0.4803603109375 0.4115817265625 0.504563265625 0.45800279843749997
2 0.43958212812499997 0.5964833703125 0.46413706406250005 0.587461884375 0.47062469843750004 0.5585223906250001 0.4498243765625 0.5263448390625001 0.42113025625 0.523811925 0.4109480578125 0.559979009375 0.43958212812499997 0.5964833703125
2 0.42150008281250007 0.6329992265625 0.42298487500000004 0.6206483328125 0.41969604374999997 0.5879240390625 0.40127109218749996 0.564849621875 0.37446636718750004 0.5742458 0.3564507875 0.589290884375 0.38163693125 0.6365230484375 0.39699486875 0.6463457078125 0.42150008281250007 0.6329992265625
2 0.59861255 0.8363282234374999 0.6248945046875 0.8365934796875001 0.6257753875 0.7994523859375 0.6093853250000001 0.7844907015625 0.5973273375 0.7902405124999999 0.5869427421875 0.8081156875 0.59861255 0.8363282234374999
2 0.2099865125 0.237014184375 0.1963292875 0.27629165 0.24038195 0.314168840625 0.2581737609375 0.2898229359375 0.24442445156249998 0.2491930125 0.2099865125 0.237014184375
3 0.765631490625 0.69785025 0.7925333593749999 0.7059783000000001 0.8138901578125 0.6802732640625 0.7948132015625 0.6461024203125 0.7739218859375 0.6362049703125 0.7521479828125 0.6580057828125 0.765631490625 0.69785025
2 0.7857356828125 0.9111024437499999 0.8165423578125001 0.916492575 0.815938684375 0.88457514375 0.7979145375 0.8566909609375 0.78225403125 0.8583561843749999 0.7696174921875001 0.8777491765625 0.7857356828125 0.9111024437499999
2 0.5885895624999999 0.9241418906250001 0.6150575296875 0.937328328125 0.6283685390625 0.9179811062500001 0.61110815 0.8923538640625001 0.6009615234375 0.8842681812500001 0.5747259296875 0.8942754171875 0.5885895624999999 0.9241418906250001
2 0.5682769375000001 0.7007576296875 0.5630762515625001 0.7270965515625 0.564835309375 0.7667165015624999 0.5746824312500001 0.7894746734375 0.6063574875 0.7625366796875 0.5962878609375 0.72009398125 0.5847684359375 0.701915453125 0.5682769375000001 0.7007576296875
3 0.9418698593749999 0.91130321875 0.934181753125 0.8601467406250001 0.9257678625000001 0.845712684375 0.9200170453125001 0.8617863671875 0.9006448859375 0.88519943125 0.9107086453125 0.919997025 0.9418698593749999 0.91130321875
2 0.35246695156249996 0.6358802078125 0.3518158953125 0.6831746 0.38072692343750003 0.700635809375 0.3936368296875 0.6848797484375 0.38633494687500003 0.6492354375 0.35246695156249996 0.6358802078125
2 0.347490509375 0.38912894531250003 0.3030377 0.3796517171875 0.28097167968750003 0.3566355953125 0.28014143125 0.412780128125 0.28945813125000003 0.46609371875 0.2709410421875 0.5332526359374999 0.29547875 0.6151372578125 0.32709973125 0.61482425625 0.3335651 0.542521346875 0.324113478125 0.47708841093750004 0.3719463046875 0.46374331562500004 0.4166925953125 0.43424391562500003 0.45239035000000005 0.3756646453125 0.48126979218750005 0.2922444515625 0.4350197890625 0.284484603125 0.4014721671875 0.3306688078125 0.3829485703125 0.37437245625000004 0.347490509375 0.38912894531250003
2 0.7132820468750001 0.9286344 0.7407429015625 0.9464974796875 0.7937576203125001 0.9414317109375 0.7586172703125 0.8868137031250001 0.721387675 0.90570963125 0.713789503125 0.8434075078125 0.7435018125 0.802297603125 0.738962296875 0.720910728125 0.6400735656250001 0.7193277218749999 0.6471182375 0.8069469781249999 0.66855964375 0.8621035218750001 0.6612597859375 0.892096590625 0.67871083125 0.9577269515625 0.7144925265625 0.9720553125 0.7132820468750001 0.9286344
2 0.42567446562500005 0.5943843265625001 0.42626429843749997 0.6535547921875 0.45520457499999994 0.6675857140625 0.46849209375 0.6529402703125 0.46532058750000005 0.5966962359375 0.42567446562500005 0.5943843265625001
2 0.9080454515625 0.336929853125 0.8938915421875 0.39823336875000004 0.9308557796875 0.4207381609375 0.9479796 0.3916521734375 0.928543240625 0.343591134375 0.9080454515625 0.336929853125
2 0.236085740625 0.052739515625 0.3032721734375 0.1312507765625 0.3460046140625 0.127582028125 0.38721219218749997 0.01057606875 0.236085740625 0.052739515625
2 0.533716971875 0.15893648437500002 0.5229874828125001 0.2162977234375 0.5613481078125 0.2335544890625 0.5899876640625 0.2267774609375 0.569022521875 0.1718525609375 0.533716971875 0.15893648437500002
2 0.4461469 0.8306753140625001 0.442214815625 0.76062580625 0.47513645625 0.7253097171875 0.4797203125 0.6937730328125 0.498581103125 0.6885109765624999 0.5328344890625 0.6860408312499999 0.531625634375 0.6426194671875 0.487563203125 0.6249214140625 0.39718491875 0.7750523 0.4461469 0.8306753140625001
2 0.8602858437500001 0.887515059375 0.8486401703125 0.9154208718750001 0.8601962406249999 0.9340897078125 0.8959164265625 0.9241239718750001 0.8862377796875001 0.8939277609375 0.8602858437500001 0.887515059375
3 0.3329093703125 0.498619225 0.3324570671875 0.5436928140624999 0.3436348484375 0.5502013906250001 0.3558439375 0.5385417546875 0.347671575 0.50644001875 0.3329093703125 0.498619225