3 0.5345817 0.3601360765625 0.48884477187500003 0.40235759531250004 0.48557843125 0.5121329109375 0.5345817 0.5860189874999999 0.55853758125 0.5817943031249999 0.5922957515625 0.5226867093750001 0.58031699375 0.41291139218749995 0.5345817 0.3601360765625
3 0.7501911765625 0.554351265625 0.7011895421875 0.5480189875 0.684854575 0.6050158234375 0.721132353125 0.7014778484375 0.7556356203125 0.6957911390625 0.77088071875 0.6197943031250001 0.7501911765625 0.554351265625
3 0.7682728765625 0.4303006328125 0.7328660124999999 0.4290506328125 0.721923203125 0.48021835468749996 0.7401078437499999 0.531658228125 0.7399477125 0.5338829109375001 0.78050326875 0.5376265828125 0.7888725484375 0.48645886093749996 0.7682728765625 0.4303006328125
3 0.76698529375 0.3055031640625 0.7251405234375 0.30300632968749996 0.722565359375 0.3766360765625 0.7656977125 0.386620253125 0.76698529375 0.3055031640625
3 0.30943300625000003 0.6448829109374999 0.2984885625 0.5575221515625 0.2450571890625 0.5625158234375001 0.24843137187500003 0.6663575953125 0.30943300625000003 0.6448829109374999
2 0.2189526140625 0.7565000000000001 0.1661650328125 0.6604050640625 0.10436437968750001 0.700341771875 0.1326895421875 0.8438607593749999 0.1481405234375 0.8675696203125 0.2009281046875 0.8650759499999999 0.2189526140625 0.7565000000000001
2 0.09994124531250001 1 0.10208823593750001 0.92675 0.0203317 0.87308544375 0 0.9298064437500001 0 0.9636097250000001 0.0130599921875 1 0.09994124531250001 1
2 0.3255228765625 0.26866139218749996 0.270803921875 0.2749018984375 0.25535457500000003 0.3535253171875 0.29977287656249996 0.4333955703125 0.29912908437499997 0.43089873437500004 0.3351797390625 0.44587658281250003 0.356423203125 0.3822278484375 0.3255228765625 0.26866139218749996
2 0.5989411765625 0.2121075953125 0.5287728765625 0.16967405 0.5055980390625 0.2695126578125 0.5353218953125001 0.32774367031249996 0.5654673203125 0.3418955703125 0.5918594765625 0.305705696875 0.5989411765625 0.2121075953125
2 0.6433611109374999 0.077322784375 0.586710784375 0.0623481015625 0.5802728765625 0.12849050625 0.6154983656249999 0.196787975 0.6491535953125 0.15594620312500002 0.6433611109374999 0.077322784375
2 0.7283349671875 0.192139240625 0.670397059375 0.162186709375 0.6478660125 0.2345696203125 0.6889117640625 0.314648734375 0.7025849671875 0.335658228125 0.7173921562500001 0.2969683546875 0.739923203125 0.27200949375 0.7283349671875 0.192139240625
2 0.7879594203125 1 0.7894918296875 0.9574208859375 0.774686275 0.8188955703125 0.6845604578125 0.8376139234375 0.678766340625 0.9711487343749999 0.7081705984375 1 0.7879594203125 1
2 0.6882180625000001 0 0.6360326796875 0.015037975 0.657483659375 0.07741139218750001 0.6917598046875 0.1365601265625 0.7233627453125 0.1383006328125 0.7348545750000001 0.11305379687499999 0.718 0.0462246828125 0.6934107765624999 0 0.6882180625000001 0