3 0.511143465625 0.6745318484375 0.5367254359375 0.6572851078124999 0.56190394375 0.6245791046875 0.5622085765625 0.6040753203125 0.5142502328125 0.5790646515625 0.47191824843749997 0.58730543125 0.4207543078125 0.6217989109375 0.4319081953125 0.6523387515625 0.44542238593750005 0.6660635265625 0.511143465625 0.6745318484375
3 0.724484125 0.4109949390625 0.6965116234375001 0.3902714171875 0.6864006875 0.3889686 0.664054540625 0.40149652343750003 0.669208840625 0.4381109828125 0.6710284828125 0.4434812078125 0.7013612890625 0.4473896625 0.7218877921875 0.429491515625 0.724484125 0.4109949390625
3 0.3930168234375 0.6360682093750001 0.376266809375 0.6270622484375 0.3325872421875 0.626569790625 0.29413057343750004 0.6438695125 0.29358991093750003 0.6660548046875 0.31650694687500003 0.6861269171875 0.377172559375 0.693943828125 0.396587509375 0.6656309375 0.3930168234375 0.6360682093750001
2 0.741867196875 0.8275193875 0.6786738515625 0.8193767703124999 0.6880766953124999 0.8257241078125 0.677434690625 0.8282046796874999 0.6737172124999999 0.8546884109375 0.6805923234375 0.8607100453125 0.721036065625 0.8659213203125 0.7415625671875 0.848023171875 0.741867196875 0.8275193875
3 0.2545226171875 0.44718669687499996 0.2703187734375 0.46659976875 0.29401972656250003 0.4530001375 0.29962589375 0.43634480781249996 0.267920509375 0.42936292343750004 0.2545226171875 0.44718669687499996
3 0.2909490671875 0.412780084375 0.293744375 0.392866 0.2652201953125 0.3942595859375 0.23649656718749998 0.39707404375 0.250538153125 0.4080866171875 0.27389725625 0.41782262656249997 0.2909490671875 0.412780084375
3 0.27505054218749997 0.394077965625 0.28755010312499996 0.3826540078125 0.26938425625 0.3723494421875 0.24534173906249998 0.372872215625 0.24290517500000003 0.3810271265625 0.2477980390625 0.39418541406249996 0.27505054218749997 0.394077965625
3 0.3025078109375 0.44685242656249996 0.295884559375 0.4573884078125 0.3042649890625 0.473146246875 0.32586952187499996 0.47448175781249996 0.33916757343750004 0.4573692625 0.337281534375 0.43974854375000005 0.3060463375 0.437172096875 0.3025078109375 0.44685242656249996
3 0.3176825390625 0.41851530625000005 0.32567162031249997 0.42816937031249996 0.3380097203125 0.427172453125 0.3425300828125 0.4208558765625 0.3429520203125 0.41970162968749997 0.3439118578125 0.4165486921875 0.3410909828125 0.4144613125 0.3321745390625 0.4114138875 0.3225294828125 0.4117238109375 0.320833803125 0.412712221875 0.3176825390625 0.41851530625000005
3 0.3740603796875 0.4347501875 0.378331896875 0.42650302656249994 0.3696981625 0.41590480156250004 0.3519350421875 0.4167196921875 0.3522177515625 0.42620077968750003 0.36182361875 0.4331734515625 0.3740603796875 0.4347501875
3 0.3402394015625 0.5143225640625 0.3526549296875 0.5275325765625001 0.3641508046875 0.5251106703125 0.36414344062500004 0.512622978125 0.34726909375 0.5073261359375 0.3402394015625 0.5143225640625
3 0.18822308125 0.6253132906250001 0.20462398906249998 0.6450747671875 0.235945046875 0.6436478250000001 0.2373750453125 0.6251002578125 0.2124963359375 0.6140899328125 0.18822308125 0.6253132906250001
3 0.6253892375000001 0.516222109375 0.6270855484375 0.495758978125 0.60379253125 0.48183043437500006 0.5776068609375 0.4843111109375 0.5745019421875 0.5022508328125 0.604449346875 0.5189884 0.6253892375000001 0.516222109375
3 0.4861909125 0.5248225359375 0.5052859265625 0.5393793984374999 0.5237050296875 0.53785128125 0.5252783046875 0.5224447156250001 0.5037395578125 0.5169371734375 0.4861909125 0.5248225359375
3 0.638348915625 0.5452090984375 0.6207832515625 0.528117071875 0.59796629375 0.527517246875 0.5893081140625 0.5431818546875 0.5977991015625 0.54544689375 0.6285512015625 0.55643338125 0.638348915625 0.5452090984375
3 0.5618085859375 0.54666248125 0.5635766421875 0.5215264953125 0.5435647171875 0.5134834640625 0.52530935 0.5138634390625 0.5352008765625 0.530076196875 0.53621740625 0.5449262671875 0.5618085859375 0.54666248125
3 0.6482969468750001 0.432501034375 0.6416508359375 0.4129128390625 0.622755675 0.40111223906250004 0.5990776796875 0.40664654999999994 0.59786546875 0.42366090781250004 0.6314863078124999 0.439308828125 0.6482969468750001 0.432501034375
3 0.495013615625 0.39305275625 0.5238299953125 0.40616939218750003 0.5341206374999999 0.4000502265625 0.5235955296875 0.382631096875 0.502479290625 0.38186865625 0.495013615625 0.39305275625
3 0.4532487578125 0.42521194375000004 0.4668747640625 0.44232018437500004 0.48648612968749994 0.4370099859375 0.4870183 0.420623584375 0.46386961875 0.41333020625000005 0.4532487578125 0.42521194375000004
3 0.5131023375 0.29779211875 0.55985544375 0.3175288484375 0.573117 0.2902445578125 0.5351443437500001 0.275165765625 0.5068712609375 0.2875856546875 0.5131023375 0.29779211875
3 0.635129765625 0.23758858124999999 0.6686849968749999 0.2551522421875 0.6918387546875 0.245597559375 0.673600803125 0.2201315015625 0.6490475046874999 0.2228447703125 0.635129765625 0.23758858124999999
3 0.8606541265625 0.344565971875 0.8641886546875 0.3277823734375 0.8405329406250001 0.3157227296875 0.8319765609375 0.3220636453125 0.8342637828124999 0.3309778765625 0.8399393484375001 0.34934025 0.8606541265625 0.344565971875
3 0.268676765625 0.2223060890625 0.2883667359375 0.23491612499999998 0.3331440671875 0.2549049984375 0.35557133125 0.239800815625 0.33826471874999997 0.2087814609375 0.317271753125 0.19438063125 0.2723980203125 0.195795453125 0.268676765625 0.2223060890625
3 0.8094931843750001 0.57359384375 0.8279665890624999 0.5480835875000001 0.8104119078125 0.5188314984375 0.7675227203125 0.5061082125 0.7495865921875 0.53464760625 0.77263165 0.5661461609375 0.8094931843750001 0.57359384375
3 0.75082504375 0.6443512203124999 0.7361776046874999 0.61367450625 0.7050068765625 0.6042586859375 0.6836985656250001 0.61140966875 0.689034334375 0.6334944796875 0.7266069578125001 0.6529264968749999 0.75082504375 0.6443512203124999
3 0.7509243031249999 0.7883142125 0.7673056875 0.8066197531249999 0.7928209828125 0.8081082343749999 0.7875699125 0.787638403125 0.76716233125 0.7787106828125 0.7509243031249999 0.7883142125