3 0.3966666671875 0.5974999999999999 0.4166666671875 0.595 0.43499999999999994 0.545 0.4216666671875 0.505 0.38166666718750003 0.45999999999999996 0.3533333328125 0.475 0.3416666671875 0.49000000000000005 0.3416666671875 0.5549999999999999 0.3616666671875 0.5775 0.3966666671875 0.5974999999999999
3 0.625 0.726315 0.6416666671875 0.696315 0.6416666671875 0.686315 0.6266666671875 0.666315 0.5916666671875 0.676315 0.5866666671874999 0.678815 0.5866666671874999 0.708815 0.6066666671875 0.726315 0.625 0.726315
3 0.364295 0.43499999999999994 0.3709616671875 0.4175 0.3659616671875 0.375 0.344295 0.33999999999999997 0.32262833281250003 0.34249999999999997 0.3059616671875 0.3675 0.3059616671875 0.42750000000000005 0.3359616671875 0.4425 0.364295 0.43499999999999994
2 0.2216666671875 0.8 0.2216666671875 0.7375 0.2166666671875 0.7474999999999999 0.21291666718750002 0.7375 0.1866666671875 0.7375 0.1816666671875 0.745 0.1816666671875 0.7849999999999999 0.20166666718749998 0.8025 0.2216666671875 0.8
3 0.5498433328125001 0.2852875 0.53081 0.27470249999999996 0.5138916671875 0.29269500000000004 0.530105 0.313865 0.5470233328125 0.31704 0.5498433328125001 0.2852875
3 0.58368 0.2778775 0.5773366671875 0.2503575 0.5683766671875 0.26549999999999996 0.5618283328125 0.28952 0.5688766671875001 0.3053975 0.588615 0.3053975 0.58368 0.2778775
3 0.6055333328125 0.27893500000000004 0.6020083328125 0.25565000000000004 0.5937633328125 0.25439500000000004 0.5815666671875 0.26094249999999997 0.58509 0.2874025 0.59778 0.29798749999999996 0.6055333328125 0.27893500000000004
3 0.5484333328125001 0.354085 0.5470233328125 0.32339 0.537155 0.32127249999999996 0.5260666671875 0.316275 0.5117766671874999 0.326565 0.5131866671875 0.347735 0.531515 0.35832 0.5484333328125001 0.354085
3 0.5686616671875 0.35686 0.5718516671875 0.35736249999999997 0.57353 0.3543375 0.5753783328125001 0.34526 0.5738666671875 0.3359325 0.5726916671875 0.33442 0.5666466671875 0.33215 0.5582499999999999 0.3412275 0.5607683328124999 0.35307750000000004 0.567485 0.3566075 0.5686616671875 0.35686
3 0.5757133328124999 0.38232499999999997 0.5726916671875 0.36518 0.5634966671875 0.3667475 0.5579133328125 0.37703000000000003 0.5579133328125 0.3891325 0.5664783328125 0.3921575 0.5757133328124999 0.38232499999999997
3 0.48389499999999996 0.3730025 0.4762016671875 0.3671275 0.46489833281250004 0.38099 0.46869833281249995 0.3918275 0.48085500000000003 0.3901175 0.48389499999999996 0.3730025
3 0.3630466671875 0.256635 0.34907499999999997 0.234585 0.3318933328125 0.2532125 0.3372116671875 0.283445 0.3554483328125 0.282305 0.3630466671875 0.256635
3 0.5408966671875 0.6187275 0.5351966671875 0.5936275 0.5173416671875 0.5930575 0.5048033328125 0.6244325 0.5101233328125 0.6443975 0.5302583328125 0.643255 0.5408966671875 0.6187275
3 0.49416666718749996 0.5263175 0.48428833281249994 0.5103449999999999 0.4725116671875 0.53088 0.47630999999999996 0.548565 0.49150666718749997 0.5479925 0.49416666718749996 0.5263175
3 0.4956866671875 0.6192975 0.47935 0.6130225 0.47820999999999997 0.62158 0.4713716671875 0.6529524999999999 0.48352833281249996 0.66094 0.49796500000000005 0.641545 0.4956866671875 0.6192975
3 0.502525 0.564535 0.49986499999999995 0.5468525 0.48532166718749997 0.5586725 0.47099166718749996 0.561685 0.4725116671875 0.5867825 0.497205 0.5850725 0.502525 0.564535
3 0.6218600000000001 0.6261425 0.6135016671875 0.603895 0.596785 0.6050375 0.5857683328125 0.6398325 0.5945050000000001 0.655235 0.6127416671875 0.6461075000000001 0.6218600000000001 0.6261425
3 0.6255066671875 0.506675 0.6136816671875 0.5009475 0.6045266671875 0.5307299999999999 0.611775 0.5398925 0.6274133328125 0.5272924999999999 0.6255066671875 0.506675
3 0.5900333328125 0.47345750000000003 0.5771333328125 0.46475999999999995 0.5621866671875 0.48033000000000003 0.5698166671875 0.49865750000000003 0.5858366671875 0.49694000000000005 0.5900333328125 0.47345750000000003
3 0.7178483328125 0.498085 0.7086933328125 0.50553 0.6953433328124999 0.55364 0.7235699999999999 0.5628025 0.7334866671875 0.5238575 0.7178483328125 0.498085
3 0.7987133328125 0.627375 0.7826133328125 0.615865 0.7697233328124999 0.6508575000000001 0.78193 0.6720475 0.804435 0.6508575000000001 0.7987133328125 0.627375
3 0.7323116671875 0.82606 0.7250650000000001 0.8186125000000001 0.7166733328125 0.82205 0.6995083328125 0.8300675 0.706755 0.84954 0.7235383328125 0.850685 0.7323116671875 0.82606
3 0.784805 0.3011875 0.7777983328125 0.2577875 0.7515216671875 0.2577875 0.741715 0.278635 0.7278716671875001 0.32486000000000004 0.74539 0.3445875 0.7734183328124999 0.323545 0.784805 0.3011875
3 0.5307933328125001 0.824495 0.5378000000000001 0.781095 0.507765 0.7675625 0.47999 0.794245 0.47736333281250004 0.8310700000000001 0.5045166671875 0.8455375 0.5307933328125001 0.824495
3 0.4344016671875 0.7337475 0.4247666671875 0.7140225 0.403935 0.7222175 0.38973 0.7613675 0.40111666718750005 0.783725 0.429145 0.7653125000000001 0.4344016671875 0.7337475
3 0.2723583328125 0.8179175000000001 0.2609716671875 0.8034525 0.24520499999999998 0.8218624999999999 0.2469566671875 0.8468525 0.2662266671875 0.8389599999999999 0.2723583328125 0.8179175000000001