2 0.2807486625 0.2508896796875 0.2700534765625 0.23131672656250002 0.20320855624999998 0.23131672656250002 0.20320855624999998 0.26512455468749996 0.23529411718749998 0.28291815 0.2700534765625 0.2722419921875 0.2807486625 0.2508896796875
2 0.211229946875 0.36476868281249997 0.20320855624999998 0.3434163703125 0.1417112296875 0.3434163703125 0.12299465312499999 0.3576512453125 0.12299465312499999 0.3772242 0.1524064171875 0.389679715625 0.184491978125 0.386120996875 0.20588235312499997 0.375444840625 0.211229946875 0.36476868281249997
2 0.409090909375 0.17615658437499998 0.40106951874999996 0.1601423484375 0.320855615625 0.1601423484375 0.31550802187500004 0.1654804265625 0.30748663125000003 0.1957295375 0.31818181874999996 0.21174377187500001 0.34759358281249997 0.22241992812500003 0.3689839578125 0.22241992812500003 0.403743315625 0.20818505312500002 0.409090909375 0.17615658437499998
3 0.7513368984375 0.43060498281250004 0.7513368984375 0.403914590625 0.7433155078125 0.3985765125 0.6978609625 0.400355871875 0.684491978125 0.4128113875 0.684491978125 0.4359430609375 0.7085561499999999 0.44839857656250004 0.7272727265625 0.44839857656250004 0.7513368984375 0.43060498281250004
2 0.991978609375 0.47508896875 0.981283421875 0.45551601406250003 0.9385026734374999 0.4537366546875 0.9385026734374999 0.48042704687500004 0.9572192515625 0.494661921875 0.986631015625 0.49644128125 0.991978609375 0.47508896875
3 0.4232754015625 0.531779359375 0.41581016093749995 0.497032028125 0.3635454546875 0.48852313125 0.35368449218750003 0.5252135234375 0.3582112296875 0.541708184375 0.3934117640625 0.544544484375 0.4232754015625 0.531779359375
2 0.5319705875 0.41264768749999997 0.5341042781249999 0.384991103125 0.4903716578125 0.3686814953125 0.4576149734375 0.3911423484375 0.4679732625 0.4190284703125 0.5053048125 0.4289572953125 0.5319705875 0.41264768749999997
2 0.571435828125 0.3254252671875 0.55756951875 0.31337010625 0.5042379671874999 0.30415124531250004 0.49439037499999994 0.3272989328125 0.49250534687499997 0.35733629843750003 0.5202379671874999 0.3679715296875 0.5533048125 0.3601725984375 0.5650374328125001 0.3544982203125 0.571435828125 0.3254252671875
2 0.8209278078125 0.4892330953125 0.8134598937499999 0.4629946625 0.7825294125 0.460868328125 0.7678074859375 0.47733096093749994 0.7654625671875 0.49135943125 0.7846631015625001 0.50270640625 0.8209278078125 0.4892330953125
2 0.18293850312499998 0.307220640625 0.2019893046875 0.281144128125 0.15267914375 0.24985409218750002 0.11781818125000001 0.27685053437499996 0.1392326203125 0.307220640625 0.18293850312499998 0.307220640625
3 0.7385160421875 0.70144661875 0.7231497328125001 0.67725266875 0.6802887703125 0.67725266875 0.6648315515625 0.706455515625 0.6802887703125 0.7240284703125 0.7191069515625 0.731555159375 0.7385160421875 0.70144661875
2 0.9520160421874999 0.6541334515624999 0.938270053125 0.6250996437499999 0.9010668453124999 0.6202597859375001 0.8854705875000001 0.6394928828124999 0.8881283421875 0.6557455515624999 0.920478609375 0.6643487546875 0.9520160421874999 0.6541334515624999
2 0.9172433156249999 0.44522953750000005 0.8970240640625 0.423185053125 0.8638663109375001 0.4194217078125 0.8612245984375001 0.4490960859375 0.8719545453125 0.4565195734375 0.9018770046875 0.4651227765625 0.9172433156249999 0.44522953750000005
2 0.7430534765625 0.49576868281250003 0.7608449203125 0.45490569374999995 0.7357754015625 0.452756228125 0.6963502671875 0.4644252671875 0.6718877 0.47856405625000004 0.677548128125 0.49469217031249996 0.698574865625 0.5000693953125 0.7430534765625 0.49576868281250003
3 0.988478609375 0.7801174375000001 0.990074865625 0.74687010625 0.9443208562500001 0.7489928828125 0.9266203203125001 0.7763362984375 0.9123983953125 0.7875462640625 0.9288930484375 0.7910818500000001 0.988478609375 0.7801174375000001
2 0.608390375 0.3089982203125 0.6203368984375001 0.2907242 0.5952459890624999 0.2676814953125 0.548938503125 0.28436654843750003 0.571352940625 0.3137669046875 0.608390375 0.3089982203125
2 0.30504010625 0.3630302484375 0.3002593578125 0.40355338124999995 0.26238235312499997 0.4369252671875 0.226187165625 0.4861886125 0.24649732656249998 0.5298896796875 0.3205721921875 0.472679715625 0.3683609625 0.41706049843750004 0.3850855609375 0.362234875 0.3850855609375 0.30979359375 0.45199197812499997 0.297080071875 0.521286096875 0.2660925265625 0.512922459375 0.2343096078125 0.42570855625000004 0.23748754375 0.3647754015625 0.2788042703125 0.30981818125 0.287544484375 0.2548609625 0.307409253125 0.283534759375 0.32171174375 0.30504010625 0.3630302484375
2 0.8854545453125 0.506846975 0.8579759359375 0.5243274015625 0.797882353125 0.5215462640624999 0.7098288765625 0.5441921703125 0.7385026734375 0.6427188609375001 0.819743315625 0.6196761562499999 0.8520026734374999 0.5759750890625 0.9153235296875 0.5624661921875 0.9069598937500001 0.606167259375 0.9702807484375 0.6228540921875 0.960721925 0.5680284703125 0.9356336890625 0.5465747328125 0.978644384375 0.533067615625 0.9547486624999999 0.502080071875 0.8854545453125 0.506846975
2 0.5975240640624999 0.39481316718750004 0.6082754015625 0.37653736718749997 0.586548128125 0.35230249062499996 0.5282272734375 0.3717704625 0.5413716578125001 0.410702846875 0.5975240640624999 0.39481316718750004
2 0.4721898390625 0.9637242 0.49608288749999996 0.9367099640625 0.463826203125 0.9073096078124999 0.40745187187500004 0.9422704625 0.4196203203125 0.9605462640625 0.4721898390625 0.9637242
2 0 0.487325371875 0.047556150000000005 0.45020640624999997 0.03944385 0.4061548046875 0 0.389365425 0 0.487325371875
2 0.2119625671875 0.6609928828125 0.210770053125 0.6300053375 0.1832887703125 0.597427046875 0.12985026718749998 0.627620996875 0.1522272734375 0.6586103203125 0.2119625671875 0.6609928828125
2 0.6961631015624999 0.3319839859375 0.7660935828125 0.31217615625 0.6979946531250001 0.2819839859375 0.575213903125 0.42341637031249996 0.6046925140625 0.46155693906249995 0.6477032078125 0.4480480421875 0.6407379671875 0.41289679687499997 0.6407379671875 0.3922188609375 0.670478609375 0.37693594375 0.6961631015624999 0.3319839859375
2 1 0.69646333125 0.95976470625 0.6866512453125 0.9355294125 0.7077775796875 0.9489491984375 0.7316014234375 1 0.7307475671875 1 0.69646333125
3 0.4541898390625 0.32074733125 0.46230213906250006 0.30456405625 0.45283957187499996 0.295572953125 0.408660428125 0.31130605 0.420395721875 0.32344306093749997 0.4541898390625 0.32074733125