3 0.3710801390625 0.413612565625 0.350174215625 0.43717277499999996 0.350174215625 0.5052356015624999 0.3623693375 0.5209424078125 0.3919860625 0.5366492140625 0.43379790937499996 0.4895287953125 0.4477351921875 0.44764397968749997 0.428571428125 0.39528795781250003 0.40766550468749996 0.3926701578125 0.3710801390625 0.413612565625
3 0.6271777000000001 0.257785340625 0.6062717765625 0.276109946875 0.6062717765625 0.3075235609375 0.6114982578125 0.3101413609375 0.6480836234375 0.32061256562499996 0.663763065625 0.2996701578125 0.663763065625 0.289198953125 0.6463414640625 0.257785340625 0.6271777000000001 0.257785340625
3 0.3442108015625 0.554973821875 0.312851915625 0.570680628125 0.312851915625 0.633507853125 0.33027351875 0.6596858640625001 0.352921603125 0.662303665625 0.3755696859375 0.6256544500000001 0.3807961671875 0.5811518328124999 0.3738275265625 0.562827225 0.3442108015625 0.554973821875
2 0.20383275312500002 0.17801047187500002 0.18292682968750001 0.196335078125 0.18292682968750001 0.2382198953125 0.18815330937500002 0.24607329843749998 0.215592334375 0.24607329843749998 0.21951219531250002 0.23560209375 0.2247386765625 0.24607329843749998 0.2247386765625 0.180628271875 0.20383275312500002 0.17801047187500002
3 0.5648327531249999 0.68634555 0.5471480843750001 0.6896701578125 0.5302003484375 0.711837696875 0.5478850171875 0.7306780109375001 0.5677804875 0.719594240625 0.5648327531249999 0.68634555
3 0.6083083625000001 0.6985366484375 0.5876759578125 0.6985366484375 0.5803083625000001 0.715162303125 0.587153309375 0.7403141359375 0.5965191640625 0.7561701578125 0.6031498265625 0.727353403125 0.6083083625000001 0.6985366484375
3 0.6178885015625 0.7062958109374999 0.60462369375 0.71737958125 0.6009407671875 0.7450863875 0.6136898953125 0.7519424078125 0.6223083625 0.7506282718749999 0.6259930312499999 0.7262460734375 0.6178885015625 0.7062958109374999
3 0.5486219515624999 0.6431204187499999 0.5294634140625 0.6542041890625 0.527989546875 0.676371728125 0.5429268296875 0.687146596875 0.554517421875 0.6819136125 0.5648327531249999 0.679696334375 0.5663066203125 0.6475549734375 0.5486219515624999 0.6431204187499999
3 0.5862212546875 0.6449136125 0.5792003484375 0.648609946875 0.57656794375 0.661018325 0.5853449484375 0.6705235609375 0.5916637625 0.668146596875 0.5928919859375 0.6665628265625 0.594472125 0.6567958109375 0.5925400703125 0.6472905765625 0.5907857140624999 0.6441230359375 0.58745121875 0.6446492140625 0.5862212546875 0.6449136125
3 0.5851689890625 0.6076884812500001 0.576216028125 0.6108560203125 0.576216028125 0.6235287953124999 0.5820522640625 0.6342958109375 0.5916637625 0.6359371734375 0.5948222999999999 0.61798429375 0.5851689890625 0.6076884812500001
3 0.49566724687499997 0.6098246078125 0.4829599296875 0.60803403125 0.47898780468749996 0.6193821984375 0.4908031359375 0.63389790625 0.4988449484375 0.6277460734375 0.49566724687499997 0.6098246078125
3 0.3645801390625 0.722717278125 0.345517421875 0.7215235609375 0.3399581875 0.753180628125 0.35791811875 0.7726858640625001 0.3725226484375 0.749596859375 0.3645801390625 0.722717278125
3 0.5473083625 0.3447591625 0.5262613234375 0.34356282656250003 0.5207003484375 0.3644685859375 0.5338066203125 0.3973219890625 0.5524703828125 0.39672513125000003 0.5584285718750001 0.37044240781250004 0.5473083625 0.3447591625
3 0.50680139375 0.444510471875 0.49091637656250003 0.44391099531249995 0.48694599375000003 0.46242931875000004 0.49925609687500005 0.48393193749999996 0.50958188125 0.46720680625 0.50680139375 0.444510471875
3 0.5135522640625 0.3465497375 0.498461671875 0.3262408375 0.4857543546875 0.3346047125 0.4929024390625 0.367455496875 0.49409407656250004 0.3764162296875 0.51117073125 0.36984555 0.5135522640625 0.3465497375
3 0.5127578390624999 0.4056832453125 0.48694599375000003 0.4038926703125 0.48535714218750003 0.43017277500000006 0.5003362375 0.43332722500000004 0.515538328125 0.4457041890625 0.518318815625 0.42718848125 0.5127578390624999 0.4056832453125
3 0.633527875 0.3417722515625 0.61446515625 0.332214659375 0.605332753125 0.34834293125000004 0.6168484328125 0.38477748749999996 0.6343223 0.385973821875 0.6430592328125 0.36267801093749996 0.633527875 0.3417722515625
3 0.6488641109375 0.46618586406249996 0.632517421875 0.45299214687499995 0.6249407671875 0.46258638750000003 0.634510453125 0.49377225156250004 0.6468710796875 0.48777486875 0.6488641109375 0.46618586406249996
3 0.6054041812500001 0.49796858593750004 0.5886585359375001 0.4961701578125 0.5806829265625 0.5153612562500001 0.5963066203125 0.531664921875 0.609790940625 0.5225575921875001 0.6054041812500001 0.49796858593750004
3 0.7597421609375 0.469782721875 0.7493763062500001 0.4290026171875 0.7198710796875 0.43859685937500004 0.733825784375 0.488973821875 0.7433954703125 0.49676963281250003 0.7597421609375 0.469782721875
3 0.83390418125 0.3367984296875 0.810379790625 0.314609946875 0.797620209375 0.3367984296875 0.8110940765624999 0.373439790625 0.8279233453125 0.361387434375 0.83390418125 0.3367984296875
3 0.7493432062500001 0.1275549734375 0.7317996515625 0.1287539265625 0.7242247390625 0.14914397968749998 0.742167246875 0.1575392671875 0.750939025 0.16113874374999998 0.7585139375 0.15334031406249998 0.7493432062500001 0.1275549734375
3 0.801482578125 0.67953403125 0.77218466875 0.6575 0.753872821875 0.67815706875 0.76834320625 0.726560209375 0.7785940765625 0.748390053125 0.806060975 0.748390053125 0.8133850171875 0.7029450265625 0.801482578125 0.67953403125
3 0.520400696875 0.1329450265625 0.49201742187499997 0.148094240625 0.49476306562500005 0.18665445 0.5237961671875 0.21459424062500002 0.5551916375 0.20042408437499998 0.5478675953125001 0.15497905781250002 0.520400696875 0.1329450265625
3 0.44161498281249995 0.2169502625 0.4123170734375 0.1976701578125 0.40041463437499997 0.22108115156250002 0.41526306562500004 0.262075915625 0.437038328125 0.27065706875 0.44710975625 0.2500026171875 0.44161498281249995 0.2169502625
3 0.2713170734375 0.13983246093749999 0.251174215625 0.1315680625 0.24934320625 0.1577356015625 0.2658240421875 0.1770130890625 0.27772648125 0.1618664921875 0.2713170734375 0.13983246093749999