2 0.2766666671875 0.3125 0.2866666671875 0.27999999999999997 0.27 0.25 0.2383333328125 0.25 0.2383333328125 0.3125 0.25666666718750003 0.3225 0.2766666671875 0.3125
2 0.37333333281250003 0.2525 0.38333333281250004 0.2325 0.3866666671875 0.20249999999999999 0.375 0.175 0.3566666671875 0.175 0.3433333328125 0.1925 0.3433333328125 0.25 0.3633333328125 0.2575 0.37333333281250003 0.2525
2 0.2166666671875 0.4375 0.22999999999999998 0.40499999999999997 0.22999999999999998 0.385 0.22000000000000003 0.35750000000000004 0.205 0.34750000000000003 0.1766666671875 0.355 0.1716666671875 0.36 0.1716666671875 0.43499999999999994 0.1866666671875 0.4425 0.2166666671875 0.4375
3 0.44166666718750003 0.74 0.44166666718750003 0.7224999999999999 0.43 0.7 0.40833333281249995 0.7 0.3966666671875 0.7125 0.395 0.755 0.4 0.7625 0.425 0.7625 0.44166666718750003 0.74
2 0.48666666718749996 0.9824999999999999 0.485 0.9550000000000001 0.4716666671875 0.9375 0.44666666718750003 0.9375 0.4483333328125 0.9775 0.46666666718750005 0.9875 0.48666666718749996 0.9824999999999999
3 0.5317233328125 0.42784000000000005 0.5290666671875 0.3949275 0.5136166671875 0.390695 0.47925000000000006 0.399915 0.48722000000000004 0.4487825 0.5197666671875 0.45576249999999996 0.5317233328125 0.42784000000000005
2 0.4234566671875 0.53246 0.4141566671875 0.497555 0.3880366671875 0.48787 0.3669983328125 0.5184975 0.38227500000000003 0.5593874999999999 0.40818000000000004 0.5573925 0.4234566671875 0.53246
2 0.3537133328125 0.58831 0.3590283328125 0.57734 0.36633333281249997 0.5464225 0.3563716671875 0.5204925 0.3282366671875 0.522255 0.306555 0.5314625000000001 0.31518999999999997 0.5813275 0.3264816671875 0.5942925 0.3537133328125 0.58831
2 0.492535 0.79366 0.4819066671875 0.7757075 0.46876666718750004 0.7779 0.4533466671875 0.791665 0.4553383328125 0.820585 0.479915 0.8275675 0.492535 0.79366
2 0.30943 0.1901825 0.2809833328125 0.17016 0.2556966671875 0.20275500000000002 0.285005 0.24886 0.30943 0.2310475 0.30943 0.1901825
3 0.70689 0.7323649999999999 0.69984 0.69607 0.68338 0.6816175 0.6560266671874999 0.69607 0.6560266671874999 0.7361449999999999 0.6786883328125 0.7505124999999999 0.70689 0.7323649999999999
2 0.64394 0.9206475 0.6358816671875 0.8904 0.6206583328125 0.8879149999999999 0.6026433328125 0.9024975 0.6071766671875001 0.9372825 0.6343716671874999 0.9501350000000001 0.64394 0.9206475
2 0.4573316671875 0.903255 0.44927333281250004 0.8752774999999999 0.44231999999999994 0.865245 0.414525 0.8677149999999999 0.41805000000000003 0.8987175000000001 0.4386983328125 0.9176225 0.4573316671875 0.903255
2 0.490065 0.7131675000000001 0.4850283328125 0.6935075 0.4699216671875 0.688215 0.45667833281250003 0.7110875 0.4457483328125 0.74795 0.44776166718750005 0.77139 0.4860366671875 0.7547550000000001 0.490065 0.7131675000000001
3 0.7626466671875 0.928515 0.759335 0.9130925 0.7488349999999999 0.9263899999999999 0.7232233328125 0.9429399999999999 0.721235 0.98572 0.7523766671875001 0.9842275 0.7626466671875 0.928515
2 0.3155616671875 0.5942149999999999 0.28802333281250003 0.5732575 0.272395 0.616555 0.29397833281249997 0.640015 0.311095 0.628845 0.3155616671875 0.5942149999999999
2 0.32300333281250004 0.32510500000000003 0.3096066671875 0.29829500000000003 0.29100000000000004 0.34968 0.2828133328125 0.401065 0.24411333281249997 0.4580375 0.24113666718750001 0.5395825000000001 0.2709066671875 0.5474025 0.2999316671875 0.4826125 0.31184 0.42005499999999996 0.36096 0.42005499999999996 0.41231333281250004 0.4044175 0.46441 0.359735 0.5179966671875 0.290475 0.4770633328125 0.27148500000000003 0.43091999999999997 0.30532750000000003 0.3996616671875 0.3407425 0.361705 0.34521250000000003 0.32300333281250004 0.32510500000000003
2 0.49194833281249994 0.9526899999999999 0.5209733328125 0.9750325 0.533625 0.9348175 0.55372 0.9582750000000001 0.6050733328125 0.9672124999999999 0.5894433328125 0.9080075000000001 0.54851 0.9158275 0.5611633328125001 0.8566225 0.6020966671875 0.82646 0.62368 0.7505 0.5313933328125 0.72369 0.5101816671875 0.80602 0.5127866671875 0.8622075 0.49641333281250005 0.8878999999999999 0.49194833281249994 0.9526899999999999
2 0.40635833281249994 0.5661825 0.3698916671875 0.5538925 0.3516566671875 0.6084225 0.3743566671875 0.6287375 0.391475 0.6186849999999999 0.40635833281249994 0.5661825
2 0.9213783328125 0.45234500000000005 0.9042600000000001 0.4409675 0.8715133328125001 0.4936775 0.8990516671875 0.5238375 0.924355 0.5014974999999999 0.9213783328125 0.45234500000000005
2 0.5250433328125 0 0.36167666718749997 0.002085 0.4020983328125 0.09688 0.44336000000000003 0.104465 0.5250433328125 0
2 0.638565 0.20233249999999997 0.6095383328125 0.18141000000000002 0.5812566671875 0.23137500000000003 0.6117716671875 0.25707 0.6407966671875001 0.258185 0.638565 0.20233249999999997
2 0.37473 0.6868974999999999 0.389045 0.6590900000000001 0.4084133328125 0.6590900000000001 0.44133833281249996 0.6656025 0.4539916671875 0.6253875 0.41826666718750005 0.597825 0.2857916671875 0.712625 0.3140716671875 0.7762975 0.332625 0.7109125 0.37473 0.6868974999999999
2 0.7069333328125 0.9472675 0.6846183328125 0.9347200000000001 0.66483 0.95738 0.6740933328125001 0.9952975000000001 0.7060916671874999 0.9974999999999999 0.7069333328125 0.9472675
3 0.324625 0.45307000000000003 0.3132566671875 0.44209750000000003 0.29852 0.48340500000000003 0.3069416671875 0.49225250000000004 0.3221 0.48466750000000003 0.324625 0.45307000000000003