3 0.626297578125 0.5729166671875 0.6470588234375 0.5494791671875 0.6470588234375 0.4817708328125 0.634948096875 0.4661458328125 0.6055363328125 0.4505208328125 0.564013840625 0.4973958328125 0.5501730109375 0.5390625 0.5692041515625 0.5911458328125 0.5899653984375 0.59375 0.626297578125 0.5729166671875
3 0.37197231875000003 0.7279322921875 0.3927335640625 0.709703125 0.3927335640625 0.678453125 0.387543253125 0.6758489578125 0.3512110734375 0.6654322921875 0.3356401390625 0.686265625 0.3356401390625 0.6966822921875 0.3529411765625 0.7279322921875 0.37197231875000003 0.7279322921875
3 0.65298096875 0.4322916671875 0.6841228375 0.4166666671875 0.6841228375 0.3541666671875 0.6668218 0.328125 0.64433045 0.3255208328125 0.6218391 0.3619791671875 0.6166487890625 0.40625 0.6235692046875 0.4244791671875 0.65298096875 0.4322916671875
2 0.79238754375 0.8072916671874999 0.8131487890625 0.7890625 0.8131487890625 0.7473958328125 0.807958478125 0.7395833328125 0.7807093421875 0.7395833328125 0.776816609375 0.75 0.771626296875 0.7395833328125 0.771626296875 0.8046875 0.79238754375 0.8072916671874999
3 0.43388581249999997 0.3016041671875 0.451448096875 0.298296875 0.468278546875 0.27624479218750003 0.4507162625 0.2575026046875 0.430958478125 0.2685286453125 0.43388581249999997 0.3016041671875
3 0.3907110734375 0.2894765625 0.41120069218750005 0.2894765625 0.4185173015625 0.2729375 0.4117197234375 0.2479166671875 0.402418684375 0.23214322968749998 0.39583390937499996 0.2608098953125 0.3907110734375 0.2894765625
3 0.38119723125 0.2817578125 0.3943702421875 0.2707317703125 0.39802768125 0.2431692703125 0.38536678125 0.23634895781249998 0.3768079578125 0.23765624999999999 0.3731487890625 0.2619114578125 0.38119723125 0.2817578125
3 0.44998442968749996 0.34460416718750003 0.46901038125000005 0.333578125 0.47047404843749996 0.3115260421875 0.4556401390625 0.3008072921875 0.44412975781249997 0.3060130203125 0.43388581249999997 0.30821875 0.4324221453125 0.3401927078125 0.44998442968749996 0.34460416718750003
3 0.412645328125 0.3428203125 0.419617646875 0.3391432296875 0.42223183437499995 0.3267994796875 0.4135155703125 0.31734375 0.40724048437500004 0.3197083328125 0.40602076093750006 0.3212838546875 0.4044515578125 0.331 0.4063702421875 0.34045572968750004 0.40811245625000003 0.3436067703125 0.411423875 0.3430833328125 0.412645328125 0.3428203125
3 0.41369031093749997 0.37985156249999996 0.422581315625 0.3767005203125 0.422581315625 0.36409375 0.41678546718750004 0.3533828125 0.40724048437500004 0.35175 0.40410380625000003 0.369609375 0.41369031093749997 0.37985156249999996
3 0.5025726640625 0.37772656250000003 0.5151920421875 0.3795078125 0.519136678125 0.36821875 0.5074031140625 0.3537786453125 0.49941695468749997 0.3598984375 0.5025726640625 0.37772656250000003
3 0.6327525953124999 0.26542187500000003 0.6516833906249999 0.266609375 0.6572041515625 0.2351171875 0.6393685125 0.2157135421875 0.6248650515625 0.23868229218749998 0.6327525953124999 0.26542187500000003
3 0.45128892656249997 0.6414114578125 0.47219031093749997 0.6426015625 0.47771280312500003 0.6218046875 0.46469723125 0.5891223953125 0.4461626296875 0.5897161453125 0.440245675 0.6158619796875 0.45128892656249997 0.6414114578125
3 0.49151557031250004 0.5421796875 0.5072906578125 0.5427760421875 0.5112335640625 0.5243541671874999 0.49900865000000005 0.5029635421875 0.48875432500000004 0.5196015625 0.49151557031250004 0.5421796875
3 0.48481141875 0.6396302078125 0.49979757812500003 0.6598333328125 0.5124169546874999 0.6515130203124999 0.5053183390625 0.6188333328125 0.5041349484375 0.6099192703125 0.4871764703125 0.6164557296875001 0.48481141875 0.6396302078125
3 0.4856003453125 0.5808046874999999 0.5112335640625 0.5825859375 0.5128114187499999 0.5564427078125 0.4979359859375 0.5533046875000001 0.48283909999999997 0.5409921875 0.48007785468749997 0.5594114578125 0.4856003453125 0.5808046874999999
3 0.365666090625 0.6443828125 0.3845968859375 0.6538906250000001 0.393666090625 0.6378463546875001 0.382230103125 0.6016015625 0.3648771625 0.6004114578124999 0.3562006921875 0.6235859375 0.365666090625 0.6443828125
3 0.3504359859375 0.5206171875 0.36666955 0.5337421875 0.374193771875 0.5241979171875 0.36469031093750004 0.4931744796875 0.352415225 0.499140625 0.3504359859375 0.5206171875
3 0.39359515625 0.489 0.4102249140625 0.49078906250000004 0.41814532812499994 0.4716979171875 0.4026297578125 0.4554791671875 0.3892387546875 0.4645390625 0.39359515625 0.489
3 0.240325259375 0.5170390625 0.2506193765625 0.5576067703125 0.27992041562500003 0.5480625 0.266062284375 0.4979479171875 0.25655882343749997 0.4901927078125 0.240325259375 0.5170390625
3 0.1666764703125 0.6493307296874999 0.1900380625 0.6714036453125 0.2027093421875 0.6493307296874999 0.1893287203125 0.6128802078125 0.1726159171875 0.6248697921875 0.1666764703125 0.6493307296874999
3 0.2506522484375 0.857484375 0.26807439375 0.8562916671874999 0.2755968859375 0.8360078124999999 0.257778546875 0.8276562500000001 0.24906747343750002 0.8240755203125 0.24154498281249998 0.8318333328125 0.2506522484375 0.857484375
3 0.198873703125 0.30838020781250003 0.2279688578125 0.3302994796875 0.2461539796875 0.30975 0.23178373749999998 0.26159895781250003 0.22160380625 0.23988281250000001 0.1943269890625 0.23988281250000001 0.1870536328125 0.2850911453125 0.198873703125 0.30838020781250003
3 0.47801038125 0.8521223953125 0.50619723125 0.8370520828125001 0.5034705875000001 0.7986927078125 0.4746384078125 0.7708984375 0.44346020781249995 0.7849947921875 0.4507335640625 0.830203125 0.47801038125 0.8521223953125
3 0.556250865625 0.7685546875 0.5853460203124999 0.787734375 0.597166090625 0.7644453125 0.582420415625 0.7236640624999999 0.5607958484375 0.7151276046875 0.5507941171875 0.7356744796875 0.556250865625 0.7685546875
3 0.7253702421875 0.8452708328125 0.7453737031250001 0.8534921875 0.7471920421875 0.8274609375 0.730825259375 0.8082838546875 0.719005190625 0.8233515625000001 0.7253702421875 0.8452708328125