3 0.417166353125 0.3560254171875 0.3923646078125 0.37508851249999997 0.368499390625 0.40935984999999997 0.3689077640625 0.42959832656249997 0.41739142031250004 0.450393275 0.45913604062499996 0.4388599234375 0.5087395390625 0.4007337296875 0.4966063703125 0.3715238421875 0.48271266874999996 0.359081403125 0.417166353125 0.3560254171875
3 0.21448242187500002 0.633017628125 0.24297403437499998 0.6511955296874999 0.253058084375 0.65166568125 0.27481065937500004 0.6375152796875 0.2684237296875 0.6018334890625 0.266430878125 0.596685715625 0.23617873281250001 0.5952752625 0.21641900937499997 0.614573434375 0.21448242187500002 0.633017628125
3 0.5357846625 0.3844323984375 0.5527275328125001 0.39196214375 0.5961129 0.388930053125 0.6336957625 0.3687779015625 0.6334634421875001 0.34686268125 0.6100138546875 0.32891985468749996 0.5495095640625001 0.3260989453125 0.5312145312500001 0.355575125 0.5357846625 0.3844323984375
2 0.182783 0.2237810796875 0.24580830312500002 0.22671952812499999 0.23625241562500002 0.221219140625 0.2467325828125 0.21791661874999999 0.2495054203125 0.1915078875 0.2424705453125 0.186125040625 0.20213435156249998 0.184244434375 0.1823746265625 0.20354260625 0.182783 0.2237810796875
3 0.679840134375 0.5594907046875 0.6634835265625 0.5416241484375 0.6404229499999999 0.556940209375 0.635434146875 0.5738115734375 0.6671556390625 0.578141475 0.679840134375 0.5594907046875
3 0.644866090625 0.5963444250000001 0.642781090625 0.6162021125 0.6710536859375 0.612531128125 0.6994750484375001 0.6074432937500001 0.6851517406250001 0.5977171875 0.66162156875 0.5899999546875 0.644866090625 0.5963444250000001
3 0.661299690625 0.6135018343749999 0.6492852546875 0.6257709140625 0.6676788874999999 0.6344668875 0.6915319484375 0.6320153203125 0.69366843125 0.6237794671875 0.6883542578124999 0.6112012171875 0.661299690625 0.6135018343749999
3 0.632208484375 0.5636845765625 0.6384192703125 0.5527641515624999 0.629552265625 0.5379039546875 0.6080553937500001 0.5383271703125 0.5954453703125 0.556268678125 0.5979288484375 0.573488421875 0.629030775 0.573513028125 0.632208484375 0.5636845765625
3 0.6181242984375 0.5928431671875 0.609857459375 0.583968946875 0.597641846875 0.5859453796875 0.5933726828125 0.5925366953125 0.592993765625 0.5937086078125 0.5921500765625 0.5968942703125 0.5950232171875001 0.598724975 0.60398176875 0.6010112640624999 0.61354734375 0.5999289906249999 0.615196675 0.598817996875 0.6181242984375 0.5928431671875
3 0.5615853890625 0.5813779828125 0.5576302265625 0.5898525546875 0.5665698546875 0.5996056734375 0.5841781421875 0.597371809375 0.583568753125 0.5880475125 0.573789609375 0.581946984375 0.5615853890625 0.5813779828125
3 0.5924067 0.5002067859375 0.57962168125 0.48818335625 0.5682916921875 0.49149680625 0.5687319328125 0.503807378125 0.5856696609375 0.5076704249999999 0.5924067 0.5002067859375
3 0.7394918390624999 0.378542909375 0.7225227125 0.3603815703125 0.6914743265625 0.364310678125 0.6906975328125 0.3827112171875 0.715780659375 0.391562375 0.7394918390624999 0.378542909375
3 0.3092230734375 0.5212976796875 0.3082482765625 0.54160815 0.33185817968750003 0.553463975 0.35777124374999997 0.5489095890625 0.3602320921875 0.5309734203125 0.3299178390625 0.51688416875 0.3092230734375 0.5212976796875
3 0.4471312671875 0.501608959375 0.427667665625 0.488795625 0.4094328 0.49178546250000005 0.4084048578125 0.5071009359375 0.429981053125 0.5107960765625 0.4471312671875 0.501608959375
3 0.29535081875 0.49376411718749996 0.3133838578125 0.5091999375 0.336059009375 0.5079537984375 0.344112421875 0.491813365625 0.3356034203125 0.4902641390625 0.30468958437500004 0.481909471875 0.29535081875 0.49376411718749996
3 0.3712953140625 0.4861673609375 0.3704112796875 0.51109040625 0.3905594328125 0.51740815 0.4086715328125 0.515563409375 0.3982884296875 0.5003764171875 0.3967643140625 0.48581813125 0.3712953140625 0.4861673609375
3 0.2893810859375 0.6056800640625 0.29665892656250004 0.6244561375 0.315828540625 0.634568265625 0.33914593593750003 0.6272053609375 0.3397596484375 0.6103338953125 0.3058359125 0.5976147187499999 0.2893810859375 0.6056800640625
3 0.44293968125000005 0.6322265406249999 0.41387392343749996 0.621615953125 0.403868759375 0.6284773390625 0.41492275312500004 0.6448026265625 0.43591494375 0.6438537656250001 0.44293968125000005 0.6322265406249999
3 0.48329200468750005 0.5971585640625 0.46916998593750003 0.5813894921875 0.4498824734375 0.588203959375 0.449922184375 0.6044015796875 0.47315874999999996 0.60972765625 0.48329200468750005 0.5971585640625
3 0.4282823984375 0.7275972828125 0.3811782265625 0.7119046578125 0.368957078125 0.73987123125 0.407181890625 0.7516788671875 0.4348229109375 0.73715766875 0.4282823984375 0.7275972828125
3 0.309211734375 0.79677685 0.2752867234375 0.782163728125 0.252629209375 0.79344795625 0.2716200609375 0.8170852906249999 0.29590432031249997 0.8124330593750001 0.309211734375 0.79677685
3 0.08158579218749999 0.7094735453125 0.07865831250000001 0.7263045328125 0.1025635375 0.736288665625 0.1108391140625 0.7293483234375 0.10825915 0.7207443015624999 0.1019874359375 0.7030985624999999 0.08158579218749999 0.7094735453125
3 0.6735830968750001 0.7823322453125 0.6535962734375 0.7714861296875 0.6084450578125 0.7553858124999999 0.58670125625 0.772082584375 0.6049599265625 0.8012697187500001 0.6263025421874999 0.8137763796874999 0.670807440625 0.8087678031250001 0.6735830968750001 0.7823322453125
3 0.12444212031249999 0.4795631484375 0.10698476406249999 0.5062004828125 0.12542846875 0.5336253578125 0.16845311093749998 0.5427148500000001 0.18527200625 0.5131344640625 0.16129917031250002 0.48393703125 0.12444212031249999 0.4795631484375
3 0.180239134375 0.4050813625 0.19584569999999998 0.4341448453125 0.227120728125 0.44091733125 0.24802927656249998 0.43215144375000003 0.2419658890625 0.41080852187500005 0.20398734218749998 0.39467698281249997 0.180239134375 0.4050813625
3 0.17514961874999999 0.2631614328125 0.15825034843750002 0.2464338796875 0.13286527812499999 0.247021228125 0.13878858593750001 0.26677881875 0.159360246875 0.2739368796875 0.17514961874999999 0.2631614328125